TradDt,BizDt,Sgmt,Src,FinInstrmTp,FinInstrmId,ISIN,TckrSymb,SctySrs,XpryDt,FininstrmActlXpryDt,StrkPric,OptnTp,FinInstrmNm,OpnPric,HghPric,LwPric,ClsPric,LastPric,PrvsClsgPric,UndrlygPric,SttlmPric,OpnIntrst,ChngInOpnIntrst,TtlTradgVol,TtlTrfVal,TtlNbOfTxsExctd,SsnId,NewBrdLotQty,Rmks,Rsvd1,Rsvd2,Rsvd3,Rsvd4
2026-03-30,2026-03-30,FO,NSE,STO,121477,,KOTAKBANK,,2026-04-28,2026-04-28,357.50,PE,KOTAKBANK26APR357.5PE,14.50,16.95,13.75,16.05,16.10,11.20,353.40,16.05,124000,52000,289,215527200.00,286,F1,2000,,,,,
2026-03-30,2026-03-30,FO,NSE,STO,121473,,KOTAKBANK,,2026-04-28,2026-04-28,347.50,PE,KOTAKBANK26APR347.5PE,11.70,11.70,11.70,11.70,11.70,6.55,353.40,11.70,4000,2000,1,718400.00,1,F1,2000,,,,,
2026-03-30,2026-03-30,FO,NSE,STO,134083,,KOTAKBANK,,2026-04-28,2026-04-28,310.00,PE,KOTAKBANK26APR310PE,3.00,3.95,2.95,3.80,3.70,2.30,353.40,3.80,286000,230000,388,243379300.00,268,F1,2000,,,,,
2026-03-30,2026-03-30,FO,NSE,STO,134035,,KOTAKBANK,,2026-03-30,2026-03-30,457.50,PE,KOTAKBANK26MAR457.5PE,0.00,0.00,0.00,56.00,56.00,56.00,353.40,353.40,2000,0,0,0.00,0,F1,2000,,,,,
2026-03-30,2026-03-30,FO,NSE,STO,133971,,KOTAKBANK,,2026-03-30,2026-03-30,442.50,PE,KOTAKBANK26MAR442.5PE,0.00,0.00,0.00,19.50,19.45,19.50,353.40,353.40,56000,0,0,0.00,0,F1,2000,,,,,
2026-03-30,2026-03-30,FO,NSE,STO,126733,,KOTAKBANK,,2026-03-30,2026-03-30,440.00,PE,KOTAKBANK26MAR440PE,87.00,88.30,84.65,87.40,87.50,74.95,353.40,353.40,106000,-46000,33,34712500.00,23,F1,2000,,,,,
2026-03-30,2026-03-30,FO,NSE,STO,133942,,KOTAKBANK,,2026-03-30,2026-03-30,377.50,PE,KOTAKBANK26MAR377.5PE,23.45,26.05,21.00,21.00,21.00,13.55,353.40,353.40,256000,-6000,14,11237100.00,14,F1,2000,,,,,
2026-03-30,2026-03-30,FO,NSE,STO,133914,,KOTAKBANK,,2026-03-30,2026-03-30,325.00,PE,KOTAKBANK26MAR325PE,0.20,0.30,0.05,0.05,0.05,0.20,353.40,353.40,62000,-34000,74,48119100.00,59,F1,2000,,,,,
2026-03-30,2026-03-30,FO,NSE,STO,121616,,KOTAKBANK,,2026-05-26,2026-05-26,340.00,CE,KOTAKBANK26MAY340CE,0.00,0.00,0.00,93.80,0.00,93.80,353.40,22.05,0,0,0,0.00,0,F1,2000,,,,,
2026-03-30,2026-03-30,FO,NSE,STO,121510,,KOTAKBANK,,2026-04-28,2026-04-28,442.50,CE,KOTAKBANK26APR442.5CE,0.35,0.35,0.35,0.35,0.35,4.70,353.40,0.05,4000,2000,2,1771400.00,1,F1,2000,,,,,
2026-03-30,2026-03-30,FO,NSE,STO,134454,,KOTAKBANK,,2026-04-28,2026-04-28,435.00,CE,KOTAKBANK26APR435CE,0.00,0.00,0.00,1.90,1.90,1.90,353.40,0.05,4000,0,0,0.00,0,F1,2000,,,,,
2026-03-30,2026-03-30,FO,NSE,STO,121504,,KOTAKBANK,,2026-04-28,2026-04-28,427.50,CE,KOTAKBANK26APR427.5CE,0.70,0.70,0.65,0.65,0.65,1.15,353.40,0.05,22000,0,4,3425500.00,3,F1,2000,,,,,
2026-03-30,2026-03-30,FO,NSE,STO,121657,,KOTAKBANK,,2026-05-26,2026-05-26,425.00,PE,KOTAKBANK26MAY425PE,0.00,0.00,0.00,16.85,0.00,16.85,353.40,68.25,0,0,0,0.00,0,F1,2000,,,,,
2026-03-30,2026-03-30,FO,NSE,STO,121500,,KOTAKBANK,,2026-04-28,2026-04-28,417.50,CE,KOTAKBANK26APR417.5CE,1.10,1.10,1.05,1.05,1.05,26.15,353.40,0.05,4000,4000,2,1674300.00,2,F1,2000,,,,,
2026-03-30,2026-03-30,FO,NSE,STO,133929,,KOTAKBANK,,2026-03-30,2026-03-30,352.50,CE,KOTAKBANK26MAR352.5CE,4.40,4.85,0.10,0.10,0.10,13.05,353.40,353.40,112000,34000,81,57485400.00,71,F1,2000,,,,,
2026-03-30,2026-03-30,FO,NSE,STO,49460,,KOTAKBANK,,2026-03-30,2026-03-30,435.00,CE,KOTAKBANK26MAR435CE,0.05,0.05,0.05,0.05,0.05,0.05,353.40,353.40,720000,-22000,13,11311300.00,13,F1,2000,,,,,
2026-03-30,2026-03-30,FO,NSE,STO,49472,,KOTAKBANK,,2026-03-30,2026-03-30,460.00,CE,KOTAKBANK26MAR460CE,0.05,0.05,0.05,0.05,0.05,0.05,353.40,353.40,906000,0,4,3680400.00,2,F1,2000,,,,,
2026-03-30,2026-03-30,FO,NSE,STO,134209,,KOTAKBANK,,2026-04-28,2026-04-28,340.00,CE,KOTAKBANK26APR340CE,25.30,27.35,23.55,24.50,24.45,75.10,353.40,24.50,94000,94000,122,89197500.00,118,F1,2000,,,,,
2026-03-30,2026-03-30,FO,NSE,STO,121478,,KOTAKBANK,,2026-04-28,2026-04-28,362.50,CE,KOTAKBANK26APR362.5CE,11.85,13.05,10.65,10.85,10.90,17.15,353.40,10.85,238000,126000,335,250788600.00,326,F1,2000,,,,,
2026-03-30,2026-03-30,FO,NSE,STO,121512,,KOTAKBANK,,2026-04-28,2026-04-28,447.50,CE,KOTAKBANK26APR447.5CE,0.00,0.00,0.00,11.90,0.00,11.90,353.40,0.05,0,0,0,0.00,0,F1,2000,,,,,
2026-03-30,2026-03-30,FO,NSE,STO,121603,,KOTAKBANK,,2026-05-26,2026-05-26,300.00,CE,KOTAKBANK26MAY300CE,0.00,0.00,0.00,132.70,0.00,132.70,353.40,56.25,0,0,0,0.00,0,F1,2000,,,,,
2026-03-30,2026-03-30,FO,NSE,STO,121656,,KOTAKBANK,,2026-05-26,2026-05-26,425.00,CE,KOTAKBANK26MAY425CE,0.00,0.00,0.00,26.55,0.00,26.55,353.40,0.30,0,0,0,0.00,0,F1,2000,,,,,
2026-03-30,2026-03-30,FO,NSE,STO,49360,,KOTAKBANK,,2026-03-30,2026-03-30,310.00,PE,KOTAKBANK26MAR310PE,0.00,0.00,0.00,0.05,0.00,0.05,353.40,353.40,0,0,0,0.00,0,F1,2000,,,,,
2026-03-30,2026-03-30,FO,NSE,STO,133905,,KOTAKBANK,,2026-03-30,2026-03-30,315.00,PE,KOTAKBANK26MAR315PE,0.05,0.05,0.05,0.05,0.05,0.10,353.40,353.40,40000,0,2,1260200.00,2,F1,2000,,,,,
2026-03-30,2026-03-30,FO,NSE,STO,133924,,KOTAKBANK,,2026-03-30,2026-03-30,337.50,PE,KOTAKBANK26MAR337.5PE,1.25,1.25,0.20,0.25,0.25,0.45,353.40,353.40,6000,-12000,29,19607200.00,29,F1,2000,,,,,
2026-03-30,2026-03-30,FO,NSE,STO,133928,,KOTAKBANK,,2026-03-30,2026-03-30,347.50,PE,KOTAKBANK26MAR347.5PE,1.75,2.90,0.05,0.05,0.05,0.80,353.40,353.40,154000,2000,323,225119100.00,225,F1,2000,,,,,
2026-03-30,2026-03-30,FO,NSE,STO,49390,,KOTAKBANK,,2026-03-30,2026-03-30,350.00,PE,KOTAKBANK26MAR350PE,1.00,3.80,0.05,0.05,0.05,1.00,353.40,353.40,1078000,-276000,3800,2671480700.00,2395,F1,2000,,,,,
2026-03-30,2026-03-30,FO,NSE,STO,133944,,KOTAKBANK,,2026-03-30,2026-03-30,382.50,PE,KOTAKBANK26MAR382.5PE,30.50,30.50,27.80,28.70,28.70,18.95,353.40,353.40,234000,-2000,8,6586600.00,5,F1,2000,,,,,
2026-03-30,2026-03-30,FO,NSE,STO,49420,,KOTAKBANK,,2026-03-30,2026-03-30,390.00,PE,KOTAKBANK26MAR390PE,36.05,37.90,32.85,37.90,37.90,25.95,353.40,353.40,288000,-46000,46,39151300.00,39,F1,2000,,,,,
2026-03-30,2026-03-30,FO,NSE,STO,133951,,KOTAKBANK,,2026-03-30,2026-03-30,392.50,PE,KOTAKBANK26MAR392.5PE,0.00,0.00,0.00,27.60,27.45,27.60,353.40,353.40,148000,0,0,0.00,0,F1,2000,,,,,
2026-03-30,2026-03-30,FO,NSE,STO,49434,,KOTAKBANK,,2026-03-30,2026-03-30,405.00,PE,KOTAKBANK26MAR405PE,49.75,53.00,47.00,53.00,53.00,40.60,353.40,353.40,868000,-22000,15,13675800.00,11,F1,2000,,,,,
2026-03-30,2026-03-30,FO,NSE,STO,49475,,KOTAKBANK,,2026-03-30,2026-03-30,465.00,PE,KOTAKBANK26MAR465PE,0.00,0.00,0.00,44.65,0.00,44.65,353.40,353.40,0,0,0,0.00,0,F1,2000,,,,,
2026-03-30,2026-03-30,FO,NSE,STO,134232,,KOTAKBANK,,2026-04-28,2026-04-28,340.00,PE,KOTAKBANK26APR340PE,6.90,10.15,6.90,9.75,9.45,6.35,353.40,9.75,556000,258000,861,601521900.00,698,F1,2000,,,,,
2026-03-30,2026-03-30,FO,NSE,STO,134247,,KOTAKBANK,,2026-04-28,2026-04-28,345.00,PE,KOTAKBANK26APR345PE,9.00,11.80,1.10,11.25,10.95,7.55,353.40,11.25,194000,122000,302,214823800.00,285,F1,2000,,,,,
2026-03-30,2026-03-30,FO,NSE,STO,134282,,KOTAKBANK,,2026-04-28,2026-04-28,350.00,PE,KOTAKBANK26APR350PE,11.70,13.75,10.70,12.95,12.80,8.75,353.40,12.95,1202000,252000,2233,1618914500.00,1876,F1,2000,,,,,
2026-03-30,2026-03-30,FO,NSE,STO,134314,,KOTAKBANK,,2026-04-28,2026-04-28,390.00,PE,KOTAKBANK26APR390PE,38.00,38.60,34.75,35.50,35.50,28.70,353.40,35.60,160000,4000,12,10255800.00,9,F1,2000,,,,,
2026-03-30,2026-03-30,FO,NSE,STO,134350,,KOTAKBANK,,2026-04-28,2026-04-28,405.00,PE,KOTAKBANK26APR405PE,51.50,51.50,50.00,50.00,50.00,40.50,353.40,50.00,12000,6000,4,3643000.00,3,F1,2000,,,,,
2026-03-30,2026-03-30,FO,NSE,STO,134352,,KOTAKBANK,,2026-04-28,2026-04-28,410.00,PE,KOTAKBANK26APR410PE,55.20,55.20,51.55,53.50,53.50,45.20,353.40,54.90,224000,6000,5,4632000.00,5,F1,2000,,,,,
2026-03-30,2026-03-30,FO,NSE,STO,121501,,KOTAKBANK,,2026-04-28,2026-04-28,417.50,PE,KOTAKBANK26APR417.5PE,0.00,0.00,0.00,30.00,30.00,30.00,353.40,62.30,2000,0,0,0.00,0,F1,2000,,,,,
2026-03-30,2026-03-30,FO,NSE,STO,134457,,KOTAKBANK,,2026-04-28,2026-04-28,440.00,PE,KOTAKBANK26APR440PE,85.00,85.40,82.00,85.00,85.00,72.00,353.40,85.00,176000,20000,22,23024800.00,9,F1,2000,,,,,
2026-03-30,2026-03-30,FO,NSE,STO,134471,,KOTAKBANK,,2026-04-28,2026-04-28,475.00,PE,KOTAKBANK26APR475PE,118.00,118.50,118.00,118.50,118.50,63.10,353.40,118.50,14000,14000,7,8304100.00,7,F1,2000,,,,,
2026-03-30,2026-03-30,FO,NSE,STO,121643,,KOTAKBANK,,2026-05-26,2026-05-26,390.00,PE,KOTAKBANK26MAY390PE,0.00,0.00,0.00,5.55,0.00,5.55,353.40,35.90,0,0,0,0.00,0,F1,2000,,,,,
2026-03-30,2026-03-30,FO,NSE,STO,121647,,KOTAKBANK,,2026-05-26,2026-05-26,400.00,PE,KOTAKBANK26MAY400PE,0.00,0.00,0.00,15.00,15.00,15.00,353.40,44.70,2000,0,0,0.00,0,F1,2000,,,,,
2026-03-30,2026-03-30,FO,NSE,STO,133965,,KOTAKBANK,,2026-03-30,2026-03-30,427.50,PE,KOTAKBANK26MAR427.5PE,0.00,0.00,0.00,63.30,62.05,63.30,353.40,353.40,402000,0,0,0.00,0,F1,2000,,,,,
2026-03-30,2026-03-30,FO,NSE,STO,39414,,KOTAKBANK,,2026-05-26,2026-05-26,325.00,PE,KOTAKBANK26MAY325PE,0.00,0.00,0.00,0.30,0.00,0.30,353.40,2.30,0,0,0,0.00,0,F1,2000,,,,,
2026-03-30,2026-03-30,FO,NSE,STO,121665,,KOTAKBANK,,2026-05-26,2026-05-26,445.00,PE,KOTAKBANK26MAY445PE,0.00,0.00,0.00,27.20,0.00,27.20,353.40,87.85,0,0,0,0.00,0,F1,2000,,,,,
2026-03-30,2026-03-30,FO,NSE,STO,121659,,KOTAKBANK,,2026-05-26,2026-05-26,430.00,PE,KOTAKBANK26MAY430PE,0.00,0.00,0.00,19.20,0.00,19.20,353.40,73.15,0,0,0,0.00,0,F1,2000,,,,,
2026-03-30,2026-03-30,FO,NSE,STO,121653,,KOTAKBANK,,2026-05-26,2026-05-26,415.00,PE,KOTAKBANK26MAY415PE,0.00,0.00,0.00,12.75,0.00,12.75,353.40,58.65,0,0,0,0.00,0,F1,2000,,,,,
2026-03-30,2026-03-30,FO,NSE,STO,121631,,KOTAKBANK,,2026-05-26,2026-05-26,370.00,PE,KOTAKBANK26MAY370PE,0.00,0.00,0.00,2.40,0.00,2.40,353.40,20.55,0,0,0,0.00,0,F1,2000,,,,,
2026-03-30,2026-03-30,FO,NSE,STO,121617,,KOTAKBANK,,2026-05-26,2026-05-26,340.00,PE,KOTAKBANK26MAY340PE,0.00,0.00,0.00,0.50,0.00,0.50,353.40,5.75,0,0,0,0.00,0,F1,2000,,,,,
2026-03-30,2026-03-30,FO,NSE,STO,133927,,KOTAKBANK,,2026-03-30,2026-03-30,347.50,CE,KOTAKBANK26MAR347.5CE,0.00,0.00,0.00,17.60,17.60,17.60,353.40,353.40,76000,0,0,0.00,0,F1,2000,,,,,
2026-03-30,2026-03-30,FO,NSE,STO,121615,,KOTAKBANK,,2026-05-26,2026-05-26,330.00,PE,KOTAKBANK26MAY330PE,0.00,0.00,0.00,0.25,0.00,0.25,353.40,3.20,0,0,0,0.00,0,F1,2000,,,,,
2026-03-30,2026-03-30,FO,NSE,STO,133964,,KOTAKBANK,,2026-03-30,2026-03-30,427.50,CE,KOTAKBANK26MAR427.5CE,0.00,0.00,0.00,0.05,0.05,0.05,353.40,353.40,580000,0,0,0.00,0,F1,2000,,,,,
2026-03-30,2026-03-30,FO,NSE,STO,133966,,KOTAKBANK,,2026-03-30,2026-03-30,432.50,CE,KOTAKBANK26MAR432.5CE,0.05,0.05,0.05,0.05,0.05,0.05,353.40,353.40,640000,154000,83,71803300.00,62,F1,2000,,,,,
2026-03-30,2026-03-30,FO,NSE,STO,49470,,KOTAKBANK,,2026-03-30,2026-03-30,455.00,CE,KOTAKBANK26MAR455CE,0.05,0.05,0.05,0.05,0.05,0.05,353.40,353.40,68000,0,1,910100.00,1,F1,2000,,,,,
2026-03-30,2026-03-30,FO,NSE,STO,49474,,KOTAKBANK,,2026-03-30,2026-03-30,465.00,CE,KOTAKBANK26MAR465CE,0.00,0.00,0.00,0.05,0.05,0.05,353.40,353.40,1154000,0,0,0.00,0,F1,2000,,,,,
2026-03-30,2026-03-30,FO,NSE,STO,49491,,KOTAKBANK,,2026-03-30,2026-03-30,490.00,CE,KOTAKBANK26MAR490CE,0.00,0.00,0.00,0.05,0.05,0.05,353.40,353.40,32000,0,0,0.00,0,F1,2000,,,,,
2026-03-30,2026-03-30,FO,NSE,STO,134281,,KOTAKBANK,,2026-04-28,2026-04-28,350.00,CE,KOTAKBANK26APR350CE,18.00,20.50,17.00,17.60,17.70,25.35,353.40,17.60,268000,194000,606,446607900.00,546,F1,2000,,,,,
2026-03-30,2026-03-30,FO,NSE,STO,121474,,KOTAKBANK,,2026-04-28,2026-04-28,352.50,CE,KOTAKBANK26APR352.5CE,17.00,18.75,15.85,16.15,15.95,79.65,353.40,16.15,116000,116000,253,186899000.00,234,F1,2000,,,,,
2026-03-30,2026-03-30,FO,NSE,STO,121488,,KOTAKBANK,,2026-04-28,2026-04-28,387.50,CE,KOTAKBANK26APR387.5CE,4.15,4.50,3.30,3.45,3.55,6.50,353.40,3.45,178000,118000,158,123582500.00,89,F1,2000,,,,,
2026-03-30,2026-03-30,FO,NSE,STO,134313,,KOTAKBANK,,2026-04-28,2026-04-28,390.00,CE,KOTAKBANK26APR390CE,4.60,4.60,2.80,2.95,3.10,5.70,353.40,2.95,848000,286000,706,555530500.00,586,F1,2000,,,,,
2026-03-30,2026-03-30,FO,NSE,STO,134476,,KOTAKBANK,,2026-04-28,2026-04-28,490.00,CE,KOTAKBANK26APR490CE,0.15,0.15,0.15,0.15,0.15,0.60,353.40,0.05,10000,-2000,1,980300.00,1,F1,2000,,,,,
2026-03-30,2026-03-30,FO,NSE,STO,126715,,KOTAKBANK,,2026-03-30,2026-03-30,400.00,PE,KOTAKBANK26MAR400PE,47.05,49.00,42.40,47.55,49.00,35.15,353.40,353.40,828000,-150000,111,98954600.00,81,F1,2000,,,,,
2026-03-30,2026-03-30,FO,NSE,STO,49446,,KOTAKBANK,,2026-03-30,2026-03-30,420.00,PE,KOTAKBANK26MAR420PE,65.50,68.65,63.00,67.65,67.00,55.15,353.40,353.40,672000,-60000,48,46619000.00,29,F1,2000,,,,,
2026-03-30,2026-03-30,FO,NSE,STO,133963,,KOTAKBANK,,2026-03-30,2026-03-30,422.50,PE,KOTAKBANK26MAR422.5PE,66.65,70.55,65.20,68.90,68.90,57.65,353.40,353.40,294000,-2000,14,13724500.00,9,F1,2000,,,,,
2026-03-30,2026-03-30,FO,NSE,STO,134191,,KOTAKBANK,,2026-04-28,2026-04-28,335.00,PE,KOTAKBANK26APR335PE,7.65,8.80,6.80,8.40,8.35,5.25,353.40,8.40,3106000,2990000,2103,1441837600.00,2025,F1,2000,,,,,
2026-03-30,2026-03-30,FO,NSE,STO,134312,,KOTAKBANK,,2026-04-28,2026-04-28,385.00,PE,KOTAKBANK26APR385PE,31.45,31.45,31.45,31.45,31.45,26.05,353.40,31.00,34000,-2000,1,832900.00,1,F1,2000,,,,,
2026-03-30,2026-03-30,FO,NSE,STO,121495,,KOTAKBANK,,2026-04-28,2026-04-28,402.50,PE,KOTAKBANK26APR402.5PE,0.00,0.00,0.00,6.40,0.00,6.40,353.40,47.55,0,0,0,0.00,0,F1,2000,,,,,
2026-03-30,2026-03-30,FO,NSE,STO,121509,,KOTAKBANK,,2026-04-28,2026-04-28,437.50,PE,KOTAKBANK26APR437.5PE,0.00,0.00,0.00,20.60,0.00,20.60,353.40,82.20,0,0,0,0.00,0,F1,2000,,,,,
2026-03-30,2026-03-30,FO,NSE,STO,133950,,KOTAKBANK,,2026-03-30,2026-03-30,392.50,CE,KOTAKBANK26MAR392.5CE,0.05,0.05,0.05,0.05,0.05,0.15,353.40,353.40,308000,4000,15,11776500.00,4,F1,2000,,,,,
2026-03-30,2026-03-30,FO,NSE,STF,66880,,KOTAKBANK,,2026-04-28,2026-04-28,,,KOTAKBANK26APRFUT,358.20,362.00,353.00,354.55,354.25,366.85,353.40,354.55,192784000,15166000,26203,18660877800.00,19196,F1,2000,,,,,
2026-03-30,2026-03-30,FO,NSE,STO,39397,,KOTAKBANK,,2026-03-30,2026-03-30,327.50,CE,KOTAKBANK26MAR327.5CE,0.00,0.00,0.00,89.30,0.00,89.30,353.40,353.40,0,0,0,0.00,0,F1,2000,,,,,
2026-03-30,2026-03-30,FO,NSE,STO,49361,,KOTAKBANK,,2026-03-30,2026-03-30,330.00,CE,KOTAKBANK26MAR330CE,23.60,23.60,23.20,23.20,23.20,35.50,353.40,353.40,8000,0,2,1413600.00,2,F1,2000,,,,,
2026-03-30,2026-03-30,FO,NSE,STO,133970,,KOTAKBANK,,2026-03-30,2026-03-30,442.50,CE,KOTAKBANK26MAR442.5CE,0.05,0.05,0.05,0.05,0.05,0.05,353.40,353.40,56000,0,2,1770200.00,1,F1,2000,,,,,
2026-03-30,2026-03-30,FO,NSE,STO,49478,,KOTAKBANK,,2026-03-30,2026-03-30,470.00,CE,KOTAKBANK26MAR470CE,0.05,0.05,0.05,0.05,0.05,0.05,353.40,353.40,792000,-2000,1,940100.00,1,F1,2000,,,,,
2026-03-30,2026-03-30,FO,NSE,STO,134305,,KOTAKBANK,,2026-04-28,2026-04-28,375.00,CE,KOTAKBANK26APR375CE,6.85,7.90,6.00,6.20,6.20,10.75,353.40,6.20,782000,242000,309,236025400.00,282,F1,2000,,,,,
2026-03-30,2026-03-30,FO,NSE,STO,121490,,KOTAKBANK,,2026-04-28,2026-04-28,392.50,CE,KOTAKBANK26APR392.5CE,3.25,3.45,2.60,2.65,2.80,5.15,353.40,2.65,134000,70000,103,81473200.00,95,F1,2000,,,,,
2026-03-30,2026-03-30,FO,NSE,STO,121492,,KOTAKBANK,,2026-04-28,2026-04-28,397.50,CE,KOTAKBANK26APR397.5CE,2.50,2.75,2.10,2.15,2.15,3.90,353.40,2.15,152000,36000,64,51191700.00,56,F1,2000,,,,,
2026-03-30,2026-03-30,FO,NSE,STO,121502,,KOTAKBANK,,2026-04-28,2026-04-28,422.50,CE,KOTAKBANK26APR422.5CE,0.00,0.00,0.00,23.25,0.00,23.25,353.40,0.05,0,0,0,0.00,0,F1,2000,,,,,
2026-03-30,2026-03-30,FO,NSE,STO,134468,,KOTAKBANK,,2026-04-28,2026-04-28,470.00,CE,KOTAKBANK26APR470CE,0.00,0.00,0.00,1.50,1.50,1.50,353.40,0.05,30000,0,0,0.00,0,F1,2000,,,,,
2026-03-30,2026-03-30,FO,NSE,STO,121610,,KOTAKBANK,,2026-05-26,2026-05-26,310.00,CE,KOTAKBANK26MAY310CE,0.00,0.00,0.00,122.90,0.00,122.90,353.40,46.75,0,0,0,0.00,0,F1,2000,,,,,
2026-03-30,2026-03-30,FO,NSE,STO,121612,,KOTAKBANK,,2026-05-26,2026-05-26,320.00,CE,KOTAKBANK26MAY320CE,0.00,0.00,0.00,113.10,0.00,113.10,353.40,37.75,0,0,0,0.00,0,F1,2000,,,,,
2026-03-30,2026-03-30,FO,NSE,STO,121628,,KOTAKBANK,,2026-05-26,2026-05-26,365.00,CE,KOTAKBANK26MAY365CE,0.00,0.00,0.00,70.60,0.00,70.60,353.40,8.85,0,0,0,0.00,0,F1,2000,,,,,
2026-03-30,2026-03-30,FO,NSE,STO,121652,,KOTAKBANK,,2026-05-26,2026-05-26,415.00,CE,KOTAKBANK26MAY415CE,0.00,0.00,0.00,32.30,0.00,32.30,353.40,0.60,0,0,0,0.00,0,F1,2000,,,,,
2026-03-30,2026-03-30,FO,NSE,STO,121664,,KOTAKBANK,,2026-05-26,2026-05-26,445.00,CE,KOTAKBANK26MAY445CE,0.00,0.00,0.00,17.25,0.00,17.25,353.40,0.05,0,0,0,0.00,0,F1,2000,,,,,
2026-03-30,2026-03-30,FO,NSE,STO,126651,,KOTAKBANK,,2026-03-30,2026-03-30,320.00,PE,KOTAKBANK26MAR320PE,0.15,0.15,0.05,0.05,0.05,0.15,353.40,353.40,244000,90000,128,81933500.00,34,F1,2000,,,,,
2026-03-30,2026-03-30,FO,NSE,STO,133948,,KOTAKBANK,,2026-03-30,2026-03-30,387.50,PE,KOTAKBANK26MAR387.5PE,33.00,33.20,31.00,32.55,32.55,22.70,353.40,353.40,382000,-4000,6,5041500.00,4,F1,2000,,,,,
2026-03-30,2026-03-30,FO,NSE,STO,134087,,KOTAKBANK,,2026-04-28,2026-04-28,325.00,PE,KOTAKBANK26APR325PE,5.25,6.35,4.90,6.05,5.90,3.75,353.40,6.05,742000,522000,442,292452300.00,352,F1,2000,,,,,
2026-03-30,2026-03-30,FO,NSE,STO,121471,,KOTAKBANK,,2026-04-28,2026-04-28,342.50,PE,KOTAKBANK26APR342.5PE,9.60,10.90,8.65,10.50,10.15,6.60,353.40,10.50,158000,144000,179,126221300.00,178,F1,2000,,,,,
2026-03-30,2026-03-30,FO,NSE,STO,121503,,KOTAKBANK,,2026-04-28,2026-04-28,422.50,PE,KOTAKBANK26APR422.5PE,0.00,0.00,0.00,13.20,0.00,13.20,353.40,67.30,0,0,0,0.00,0,F1,2000,,,,,
2026-03-30,2026-03-30,FO,NSE,STO,121651,,KOTAKBANK,,2026-05-26,2026-05-26,410.00,PE,KOTAKBANK26MAY410PE,0.00,0.00,0.00,11.00,0.00,11.00,353.40,53.90,0,0,0,0.00,0,F1,2000,,,,,
2026-03-30,2026-03-30,FO,NSE,STO,121663,,KOTAKBANK,,2026-05-26,2026-05-26,440.00,PE,KOTAKBANK26MAY440PE,0.00,0.00,0.00,24.35,0.00,24.35,353.40,82.95,0,0,0,0.00,0,F1,2000,,,,,
2026-03-30,2026-03-30,FO,NSE,STO,49406,,KOTAKBANK,,2026-03-30,2026-03-30,365.00,PE,KOTAKBANK26MAR365PE,6.55,13.95,6.05,11.45,11.05,4.15,353.40,353.40,370000,-464000,721,541892400.00,612,F1,2000,,,,,
2026-03-30,2026-03-30,FO,NSE,STO,121640,,KOTAKBANK,,2026-05-26,2026-05-26,385.00,CE,KOTAKBANK26MAY385CE,0.00,0.00,0.00,53.60,0.00,53.60,353.40,3.45,0,0,0,0.00,0,F1,2000,,,,,
2026-03-30,2026-03-30,FO,NSE,STO,49381,,KOTAKBANK,,2026-03-30,2026-03-30,340.00,CE,KOTAKBANK26MAR340CE,16.85,17.30,11.60,13.75,13.75,25.10,353.40,353.40,44000,0,19,13426500.00,18,F1,2000,,,,,
2026-03-30,2026-03-30,FO,NSE,STO,133925,,KOTAKBANK,,2026-03-30,2026-03-30,342.50,CE,KOTAKBANK26MAR342.5CE,0.00,0.00,0.00,19.90,19.90,19.90,353.40,353.40,2000,0,0,0.00,0,F1,2000,,,,,
2026-03-30,2026-03-30,FO,NSE,STO,126677,,KOTAKBANK,,2026-03-30,2026-03-30,360.00,CE,KOTAKBANK26MAR360CE,0.70,1.35,0.05,0.05,0.05,7.00,353.40,353.40,670000,-68000,2574,1855964100.00,1917,F1,2000,,,,,
2026-03-30,2026-03-30,FO,NSE,STO,49405,,KOTAKBANK,,2026-03-30,2026-03-30,365.00,CE,KOTAKBANK26MAR365CE,2.35,2.35,0.05,0.10,0.10,3.60,353.40,353.40,1502000,-102000,1071,782189100.00,759,F1,2000,,,,,
2026-03-30,2026-03-30,FO,NSE,STO,126714,,KOTAKBANK,,2026-03-30,2026-03-30,400.00,CE,KOTAKBANK26MAR400CE,0.05,0.05,0.05,0.05,0.05,0.15,353.40,353.40,3260000,-182000,128,102412800.00,29,F1,2000,,,,,
2026-03-30,2026-03-30,FO,NSE,STO,133976,,KOTAKBANK,,2026-03-30,2026-03-30,457.50,CE,KOTAKBANK26MAR457.5CE,0.00,0.00,0.00,0.15,0.15,0.15,353.40,353.40,54000,0,0,0.00,0,F1,2000,,,,,
2026-03-30,2026-03-30,FO,NSE,STO,49480,,KOTAKBANK,,2026-03-30,2026-03-30,475.00,CE,KOTAKBANK26MAR475CE,0.00,0.00,0.00,0.05,0.05,0.05,353.40,353.40,282000,0,0,0.00,0,F1,2000,,,,,
2026-03-30,2026-03-30,FO,NSE,STO,134080,,KOTAKBANK,,2026-04-28,2026-04-28,300.00,CE,KOTAKBANK26APR300CE,0.00,0.00,0.00,68.60,68.60,68.60,353.40,54.75,4000,0,0,0.00,0,F1,2000,,,,,
2026-03-30,2026-03-30,FO,NSE,STO,121466,,KOTAKBANK,,2026-04-28,2026-04-28,305.00,CE,KOTAKBANK26APR305CE,0.00,0.00,0.00,126.20,0.00,126.20,353.40,49.80,0,0,0,0.00,0,F1,2000,,,,,
2026-03-30,2026-03-30,FO,NSE,STO,121476,,KOTAKBANK,,2026-04-28,2026-04-28,357.50,CE,KOTAKBANK26APR357.5CE,13.65,15.80,13.00,13.35,13.15,74.90,353.40,13.35,170000,170000,358,266146700.00,305,F1,2000,,,,,
2026-03-30,2026-03-30,FO,NSE,STO,134301,,KOTAKBANK,,2026-04-28,2026-04-28,370.00,CE,KOTAKBANK26APR370CE,10.50,10.55,7.50,7.75,7.90,12.80,353.40,7.75,4708000,2952000,3969,3005525800.00,3374,F1,2000,,,,,
2026-03-30,2026-03-30,FO,NSE,STO,121484,,KOTAKBANK,,2026-04-28,2026-04-28,377.50,CE,KOTAKBANK26APR377.5CE,6.25,6.85,5.25,5.40,5.50,9.45,353.40,5.40,454000,54000,176,134977000.00,166,F1,2000,,,,,
2026-03-30,2026-03-30,FO,NSE,STO,134462,,KOTAKBANK,,2026-04-28,2026-04-28,455.00,CE,KOTAKBANK26APR455CE,0.25,0.25,0.25,0.25,0.25,2.90,353.40,0.05,6000,-2000,1,910500.00,1,F1,2000,,,,,
2026-03-30,2026-03-30,FO,NSE,STO,36235,,KOTAKBANK,,2026-05-26,2026-05-26,335.00,CE,KOTAKBANK26MAY335CE,0.00,0.00,0.00,95.80,0.00,95.80,353.40,25.60,0,0,0,0.00,0,F1,2000,,,,,
2026-03-30,2026-03-30,FO,NSE,STO,121632,,KOTAKBANK,,2026-05-26,2026-05-26,375.00,CE,KOTAKBANK26MAY375CE,0.00,0.00,0.00,61.90,0.00,61.90,353.40,5.65,0,0,0,0.00,0,F1,2000,,,,,
2026-03-30,2026-03-30,FO,NSE,STO,121644,,KOTAKBANK,,2026-05-26,2026-05-26,395.00,CE,KOTAKBANK26MAY395CE,0.00,0.00,0.00,45.90,0.00,45.90,353.40,2.00,0,0,0,0.00,0,F1,2000,,,,,
2026-03-30,2026-03-30,FO,NSE,STO,121662,,KOTAKBANK,,2026-05-26,2026-05-26,440.00,CE,KOTAKBANK26MAY440CE,0.00,0.00,0.00,19.30,0.00,19.30,353.40,0.10,0,0,0,0.00,0,F1,2000,,,,,
2026-03-30,2026-03-30,FO,NSE,STO,121666,,KOTAKBANK,,2026-05-26,2026-05-26,450.00,CE,KOTAKBANK26MAY450CE,0.00,0.00,0.00,15.35,0.00,15.35,353.40,0.05,0,0,0,0.00,0,F1,2000,,,,,
2026-03-30,2026-03-30,FO,NSE,STO,133934,,KOTAKBANK,,2026-03-30,2026-03-30,362.50,PE,KOTAKBANK26MAR362.5PE,5.95,11.65,4.85,10.05,10.70,3.25,353.40,353.40,296000,-2000,299,221622800.00,286,F1,2000,,,,,
2026-03-30,2026-03-30,FO,NSE,STO,49408,,KOTAKBANK,,2026-03-30,2026-03-30,370.00,PE,KOTAKBANK26MAR370PE,14.95,19.00,12.50,17.45,16.80,7.40,353.40,353.40,1610000,-650000,954,736605200.00,842,F1,2000,,,,,
2026-03-30,2026-03-30,FO,NSE,STO,133957,,KOTAKBANK,,2026-03-30,2026-03-30,407.50,PE,KOTAKBANK26MAR407.5PE,55.00,55.50,51.30,53.60,53.60,42.45,353.40,353.40,522000,-2000,13,11989900.00,11,F1,2000,,,,,
2026-03-30,2026-03-30,FO,NSE,STO,49440,,KOTAKBANK,,2026-03-30,2026-03-30,410.00,PE,KOTAKBANK26MAR410PE,55.60,59.05,53.00,57.05,57.50,45.00,353.40,353.40,560000,-78000,49,45765400.00,32,F1,2000,,,,,
2026-03-30,2026-03-30,FO,NSE,STO,49455,,KOTAKBANK,,2026-03-30,2026-03-30,430.00,PE,KOTAKBANK26MAR430PE,77.00,78.70,73.30,77.75,77.80,65.90,353.40,353.40,850000,-144000,120,121367200.00,71,F1,2000,,,,,
2026-03-30,2026-03-30,FO,NSE,STO,133969,,KOTAKBANK,,2026-03-30,2026-03-30,437.50,PE,KOTAKBANK26MAR437.5PE,95.20,95.20,95.20,95.20,95.20,68.70,353.40,353.40,72000,-2000,2,2130800.00,2,F1,2000,,,,,
2026-03-30,2026-03-30,FO,NSE,STO,49473,,KOTAKBANK,,2026-03-30,2026-03-30,460.00,PE,KOTAKBANK26MAR460PE,108.00,108.60,107.95,108.25,108.25,94.90,353.40,353.40,96000,-2000,7,7954000.00,7,F1,2000,,,,,
2026-03-30,2026-03-30,FO,NSE,STO,49487,,KOTAKBANK,,2026-03-30,2026-03-30,485.00,PE,KOTAKBANK26MAR485PE,0.00,0.00,0.00,116.50,116.50,116.50,353.40,353.40,16000,0,0,0.00,0,F1,2000,,,,,
2026-03-30,2026-03-30,FO,NSE,STO,121465,,KOTAKBANK,,2026-04-28,2026-04-28,295.00,PE,KOTAKBANK26APR295PE,1.90,2.45,1.90,2.30,2.25,1.40,353.40,2.30,374000,264000,228,135484700.00,130,F1,2000,,,,,
2026-03-30,2026-03-30,FO,NSE,STO,43206,,KOTAKBANK,,2026-04-28,2026-04-28,315.00,PE,KOTAKBANK26APR315PE,3.50,4.65,3.50,4.55,4.50,2.65,353.40,4.55,180000,156000,113,72150000.00,110,F1,2000,,,,,
2026-03-30,2026-03-30,FO,NSE,STO,121493,,KOTAKBANK,,2026-04-28,2026-04-28,397.50,PE,KOTAKBANK26APR397.5PE,0.00,0.00,0.00,5.15,0.00,5.15,353.40,42.70,0,0,0,0.00,0,F1,2000,,,,,
2026-03-30,2026-03-30,FO,NSE,STO,121499,,KOTAKBANK,,2026-04-28,2026-04-28,412.50,PE,KOTAKBANK26APR412.5PE,0.00,0.00,0.00,9.35,0.00,9.35,353.40,57.35,0,0,0,0.00,0,F1,2000,,,,,
2026-03-30,2026-03-30,FO,NSE,STO,134444,,KOTAKBANK,,2026-04-28,2026-04-28,420.00,PE,KOTAKBANK26APR420PE,63.05,66.30,61.50,62.00,62.00,54.15,353.40,64.80,762000,36000,21,20274400.00,10,F1,2000,,,,,
2026-03-30,2026-03-30,FO,NSE,STO,121513,,KOTAKBANK,,2026-04-28,2026-04-28,447.50,PE,KOTAKBANK26APR447.5PE,0.00,0.00,0.00,26.55,0.00,26.55,353.40,92.15,0,0,0,0.00,0,F1,2000,,,,,
2026-03-30,2026-03-30,FO,NSE,STO,134475,,KOTAKBANK,,2026-04-28,2026-04-28,485.00,PE,KOTAKBANK26APR485PE,128.00,129.00,128.00,128.60,129.00,71.85,353.40,128.60,12000,12000,6,7360000.00,6,F1,2000,,,,,
2026-03-30,2026-03-30,FO,NSE,STO,121627,,KOTAKBANK,,2026-05-26,2026-05-26,360.00,PE,KOTAKBANK26MAY360PE,0.00,0.00,0.00,1.50,0.00,1.50,353.40,14.40,0,0,0,0.00,0,F1,2000,,,,,
2026-03-30,2026-03-30,FO,NSE,STO,121667,,KOTAKBANK,,2026-05-26,2026-05-26,450.00,PE,KOTAKBANK26MAY450PE,0.00,0.00,0.00,30.20,0.00,30.20,353.40,92.80,0,0,0,0.00,0,F1,2000,,,,,
2026-03-30,2026-03-30,FO,NSE,STO,121675,,KOTAKBANK,,2026-05-26,2026-05-26,470.00,PE,KOTAKBANK26MAY470PE,0.00,0.00,0.00,43.85,0.00,43.85,353.40,112.60,0,0,0,0.00,0,F1,2000,,,,,
2026-03-30,2026-03-30,FO,NSE,STO,133898,,KOTAKBANK,,2026-03-30,2026-03-30,295.00,PE,KOTAKBANK26MAR295PE,0.05,0.05,0.05,0.05,0.05,0.05,353.40,353.40,34000,0,17,10031700.00,1,F1,2000,,,,,
2026-03-30,2026-03-30,FO,NSE,STO,134472,,KOTAKBANK,,2026-04-28,2026-04-28,480.00,CE,KOTAKBANK26APR480CE,0.15,0.20,0.15,0.20,0.20,3.50,353.40,0.05,4000,4000,3,2881000.00,2,F1,2000,,,,,
2026-03-30,2026-03-30,FO,NSE,STO,134464,,KOTAKBANK,,2026-04-28,2026-04-28,460.00,CE,KOTAKBANK26APR460CE,0.30,0.30,0.30,0.30,0.30,0.40,353.40,0.05,10000,2000,3,2761800.00,3,F1,2000,,,,,
2026-03-30,2026-03-30,FO,NSE,STO,134297,,KOTAKBANK,,2026-04-28,2026-04-28,365.00,CE,KOTAKBANK26APR365CE,13.10,13.10,9.40,9.80,9.85,15.95,353.40,9.80,784000,56000,823,618236600.00,741,F1,2000,,,,,
2026-03-30,2026-03-30,FO,NSE,STO,133972,,KOTAKBANK,,2026-03-30,2026-03-30,447.50,CE,KOTAKBANK26MAR447.5CE,0.00,0.00,0.00,0.05,0.05,0.05,353.40,353.40,86000,0,0,0.00,0,F1,2000,,,,,
2026-03-30,2026-03-30,FO,NSE,STO,49454,,KOTAKBANK,,2026-03-30,2026-03-30,430.00,CE,KOTAKBANK26MAR430CE,0.05,0.05,0.05,0.05,0.05,0.05,353.40,353.40,1598000,42000,35,30103500.00,31,F1,2000,,,,,
2026-03-30,2026-03-30,FO,NSE,STO,49452,,KOTAKBANK,,2026-03-30,2026-03-30,425.00,CE,KOTAKBANK26MAR425CE,0.05,0.05,0.05,0.05,0.05,0.05,353.40,353.40,606000,10000,7,5950700.00,7,F1,2000,,,,,
2026-03-30,2026-03-30,FO,NSE,STO,133947,,KOTAKBANK,,2026-03-30,2026-03-30,387.50,CE,KOTAKBANK26MAR387.5CE,0.05,0.60,0.05,0.05,0.05,0.30,353.40,353.40,746000,-88000,128,99232200.00,51,F1,2000,,,,,
2026-03-30,2026-03-30,FO,NSE,STO,133937,,KOTAKBANK,,2026-03-30,2026-03-30,372.50,CE,KOTAKBANK26MAR372.5CE,0.15,0.15,0.05,0.05,0.05,1.30,353.40,353.40,372000,0,84,62591500.00,48,F1,2000,,,,,
2026-03-30,2026-03-30,FO,NSE,STO,133931,,KOTAKBANK,,2026-03-30,2026-03-30,357.50,CE,KOTAKBANK26MAR357.5CE,1.65,2.25,0.05,0.05,0.05,8.80,353.40,353.40,132000,-78000,360,257927400.00,287,F1,2000,,,,,
2026-03-30,2026-03-30,FO,NSE,STO,49403,,KOTAKBANK,,2026-03-30,2026-03-30,355.00,CE,KOTAKBANK26MAR355CE,2.00,3.20,0.05,0.05,0.05,11.15,353.40,353.40,352000,236000,2284,1625832600.00,1724,F1,2000,,,,,
2026-03-30,2026-03-30,FO,NSE,STO,133923,,KOTAKBANK,,2026-03-30,2026-03-30,337.50,CE,KOTAKBANK26MAR337.5CE,0.00,0.00,0.00,75.15,0.00,75.15,353.40,353.40,0,0,0,0.00,0,F1,2000,,,,,
2026-03-30,2026-03-30,FO,NSE,STO,121642,,KOTAKBANK,,2026-05-26,2026-05-26,390.00,CE,KOTAKBANK26MAY390CE,0.00,0.00,0.00,49.70,0.00,49.70,353.40,2.65,0,0,0,0.00,0,F1,2000,,,,,
2026-03-30,2026-03-30,FO,NSE,STO,121507,,KOTAKBANK,,2026-04-28,2026-04-28,432.50,PE,KOTAKBANK26APR432.5PE,73.00,73.00,73.00,73.00,73.00,29.20,353.40,77.20,4000,2000,1,1011000.00,1,F1,2000,,,,,
2026-03-30,2026-03-30,FO,NSE,STO,121489,,KOTAKBANK,,2026-04-28,2026-04-28,387.50,PE,KOTAKBANK26APR387.5PE,36.00,36.00,36.00,36.00,36.00,28.40,353.40,33.30,4000,2000,1,847000.00,1,F1,2000,,,,,
2026-03-30,2026-03-30,FO,NSE,STO,134304,,KOTAKBANK,,2026-04-28,2026-04-28,370.00,PE,KOTAKBANK26APR370PE,20.00,24.25,19.80,23.00,23.10,16.20,353.40,23.00,2008000,-76000,406,318439900.00,355,F1,2000,,,,,
2026-03-30,2026-03-30,FO,NSE,STO,134122,,KOTAKBANK,,2026-04-28,2026-04-28,330.00,PE,KOTAKBANK26APR330PE,5.55,7.60,5.50,7.30,6.70,4.55,353.40,7.30,384000,250000,516,347615600.00,378,F1,2000,,,,,
2026-03-30,2026-03-30,FO,NSE,STO,121467,,KOTAKBANK,,2026-04-28,2026-04-28,305.00,PE,KOTAKBANK26APR305PE,2.60,3.40,2.50,3.35,3.20,2.05,353.40,3.35,76000,38000,57,35116400.00,52,F1,2000,,,,,
2026-03-30,2026-03-30,FO,NSE,STO,49483,,KOTAKBANK,,2026-03-30,2026-03-30,475.00,PE,KOTAKBANK26MAR475PE,0.00,0.00,0.00,52.75,0.00,52.75,353.40,353.40,0,0,0,0.00,0,F1,2000,,,,,
2026-03-30,2026-03-30,FO,NSE,STO,49453,,KOTAKBANK,,2026-03-30,2026-03-30,425.00,PE,KOTAKBANK26MAR425PE,72.75,73.00,68.05,68.05,68.05,60.40,353.40,353.40,538000,-2000,8,7952200.00,8,F1,2000,,,,,
2026-03-30,2026-03-30,FO,NSE,STO,49444,,KOTAKBANK,,2026-03-30,2026-03-30,415.00,PE,KOTAKBANK26MAR415PE,60.00,63.20,58.00,63.00,63.00,52.00,353.40,353.40,460000,-4000,26,24764900.00,21,F1,2000,,,,,
2026-03-30,2026-03-30,FO,NSE,STO,49386,,KOTAKBANK,,2026-03-30,2026-03-30,340.00,PE,KOTAKBANK26MAR340PE,0.65,1.75,0.05,0.05,0.05,0.60,353.40,353.40,334000,-136000,1455,991212600.00,903,F1,2000,,,,,
2026-03-30,2026-03-30,FO,NSE,STO,121674,,KOTAKBANK,,2026-05-26,2026-05-26,470.00,CE,KOTAKBANK26MAY470CE,0.00,0.00,0.00,9.30,0.00,9.30,353.40,0.05,0,0,0,0.00,0,F1,2000,,,,,
2026-03-30,2026-03-30,FO,NSE,STO,121654,,KOTAKBANK,,2026-05-26,2026-05-26,420.00,CE,KOTAKBANK26MAY420CE,0.00,0.00,0.00,29.35,0.00,29.35,353.40,0.45,0,0,0,0.00,0,F1,2000,,,,,
2026-03-30,2026-03-30,FO,NSE,STO,134474,,KOTAKBANK,,2026-04-28,2026-04-28,485.00,CE,KOTAKBANK26APR485CE,0.00,0.00,0.00,2.95,0.00,2.95,353.40,0.05,0,0,0,0.00,0,F1,2000,,,,,
2026-03-30,2026-03-30,FO,NSE,STO,49365,,KOTAKBANK,,2026-03-30,2026-03-30,335.00,CE,KOTAKBANK26MAR335CE,0.00,0.00,0.00,90.35,0.00,90.35,353.40,353.40,0,0,0,0.00,0,F1,2000,,,,,
2026-03-30,2026-03-30,FO,NSE,STO,133902,,KOTAKBANK,,2026-03-30,2026-03-30,305.00,CE,KOTAKBANK26MAR305CE,0.00,0.00,0.00,106.95,0.00,106.95,353.40,353.40,0,0,0,0.00,0,F1,2000,,,,,
2026-03-30,2026-03-30,FO,NSE,STF,51957,,KOTAKBANK,,2026-03-30,2026-03-30,,,KOTAKBANK26MARFUT,352.55,360.40,351.10,352.70,352.50,364.90,353.40,353.40,18898000,-10840000,18068,12800292700.00,13940,F1,2000,,,,,
2026-03-30,2026-03-30,FO,NSE,STO,49380,,KOTAKBANK,,2026-03-30,2026-03-30,335.00,PE,KOTAKBANK26MAR335PE,0.50,0.80,0.05,0.05,0.05,0.40,353.40,353.40,122000,28000,174,116671600.00,122,F1,2000,,,,,
2026-03-30,2026-03-30,FO,NSE,STO,49388,,KOTAKBANK,,2026-03-30,2026-03-30,345.00,PE,KOTAKBANK26MAR345PE,1.70,3.10,0.05,0.05,0.05,0.65,353.40,353.40,188000,-12000,908,628199500.00,642,F1,2000,,,,,
2026-03-30,2026-03-30,FO,NSE,STO,133938,,KOTAKBANK,,2026-03-30,2026-03-30,372.50,PE,KOTAKBANK26MAR372.5PE,18.35,21.30,17.25,18.45,18.45,8.95,353.40,353.40,370000,2000,23,17991600.00,22,F1,2000,,,,,
2026-03-30,2026-03-30,FO,NSE,STO,121498,,KOTAKBANK,,2026-04-28,2026-04-28,412.50,CE,KOTAKBANK26APR412.5CE,1.25,1.25,1.00,1.05,1.05,2.10,353.40,0.05,22000,-6000,5,4136400.00,4,F1,2000,,,,,
2026-03-30,2026-03-30,FO,NSE,STO,134353,,KOTAKBANK,,2026-04-28,2026-04-28,415.00,CE,KOTAKBANK26APR415CE,1.05,1.25,0.95,0.95,0.95,1.85,353.40,0.05,72000,0,11,9154300.00,11,F1,2000,,,,,
2026-03-30,2026-03-30,FO,NSE,STO,134355,,KOTAKBANK,,2026-04-28,2026-04-28,420.00,CE,KOTAKBANK26APR420CE,1.00,1.05,0.75,0.80,0.80,1.45,353.40,0.80,508000,12000,85,71552900.00,63,F1,2000,,,,,
2026-03-30,2026-03-30,FO,NSE,STO,121629,,KOTAKBANK,,2026-05-26,2026-05-26,365.00,PE,KOTAKBANK26MAY365PE,0.00,0.00,0.00,1.90,0.00,1.90,353.40,17.35,0,0,0,0.00,0,F1,2000,,,,,
2026-03-30,2026-03-30,FO,NSE,STO,134463,,KOTAKBANK,,2026-04-28,2026-04-28,455.00,PE,KOTAKBANK26APR455PE,0.00,0.00,0.00,46.75,0.00,46.75,353.40,99.60,0,0,0,0.00,0,F1,2000,,,,,
2026-03-30,2026-03-30,FO,NSE,STO,134459,,KOTAKBANK,,2026-04-28,2026-04-28,445.00,PE,KOTAKBANK26APR445PE,0.00,0.00,0.00,39.30,0.00,39.30,353.40,89.65,0,0,0,0.00,0,F1,2000,,,,,
2026-03-30,2026-03-30,FO,NSE,STO,134446,,KOTAKBANK,,2026-04-28,2026-04-28,425.00,PE,KOTAKBANK26APR425PE,67.00,70.95,67.00,68.25,68.25,59.00,353.40,69.75,34000,6000,6,5926400.00,6,F1,2000,,,,,
2026-03-30,2026-03-30,FO,NSE,STO,134343,,KOTAKBANK,,2026-04-28,2026-04-28,395.00,PE,KOTAKBANK26APR395PE,0.00,0.00,0.00,32.90,32.90,32.90,353.40,40.30,12000,0,0,0.00,0,F1,2000,,,,,
2026-03-30,2026-03-30,FO,NSE,STO,121481,,KOTAKBANK,,2026-04-28,2026-04-28,367.50,PE,KOTAKBANK26APR367.5PE,21.75,22.50,18.60,21.05,20.75,15.25,353.40,21.05,446000,-18000,86,66772400.00,78,F1,2000,,,,,
2026-03-30,2026-03-30,FO,NSE,STO,121479,,KOTAKBANK,,2026-04-28,2026-04-28,362.50,PE,KOTAKBANK26APR362.5PE,18.70,19.70,15.90,18.20,18.60,12.75,353.40,18.20,248000,84000,400,304013500.00,378,F1,2000,,,,,
2026-03-30,2026-03-30,FO,NSE,STO,49416,,KOTAKBANK,,2026-03-30,2026-03-30,385.00,PE,KOTAKBANK26MAR385PE,30.00,33.90,27.30,31.25,31.25,20.40,353.40,353.40,302000,-22000,22,18275800.00,14,F1,2000,,,,,
2026-03-30,2026-03-30,FO,NSE,STO,49412,,KOTAKBANK,,2026-03-30,2026-03-30,375.00,PE,KOTAKBANK26MAR375PE,21.00,23.50,17.50,23.15,22.85,11.25,353.40,353.40,910000,-468000,802,634836600.00,582,F1,2000,,,,,
2026-03-30,2026-03-30,FO,NSE,STO,121668,,KOTAKBANK,,2026-05-26,2026-05-26,455.00,CE,KOTAKBANK26MAY455CE,0.00,0.00,0.00,13.60,0.00,13.60,353.40,0.05,0,0,0,0.00,0,F1,2000,,,,,
2026-03-30,2026-03-30,FO,NSE,STO,121660,,KOTAKBANK,,2026-05-26,2026-05-26,435.00,CE,KOTAKBANK26MAY435CE,0.00,0.00,0.00,21.55,0.00,21.55,353.40,0.15,0,0,0,0.00,0,F1,2000,,,,,
2026-03-30,2026-03-30,FO,NSE,STO,121650,,KOTAKBANK,,2026-05-26,2026-05-26,410.00,CE,KOTAKBANK26MAY410CE,0.00,0.00,0.00,35.45,0.00,35.45,353.40,0.80,0,0,0,0.00,0,F1,2000,,,,,
2026-03-30,2026-03-30,FO,NSE,STO,121624,,KOTAKBANK,,2026-05-26,2026-05-26,355.00,CE,KOTAKBANK26MAY355CE,0.00,0.00,0.00,79.70,0.00,79.70,353.40,13.20,0,0,0,0.00,0,F1,2000,,,,,
2026-03-30,2026-03-30,FO,NSE,STO,121622,,KOTAKBANK,,2026-05-26,2026-05-26,350.00,CE,KOTAKBANK26MAY350CE,0.00,0.00,0.00,84.35,0.00,84.35,353.40,15.85,0,0,0,0.00,0,F1,2000,,,,,
2026-03-30,2026-03-30,FO,NSE,STO,121618,,KOTAKBANK,,2026-05-26,2026-05-26,345.00,CE,KOTAKBANK26MAY345CE,0.00,0.00,0.00,89.05,0.00,89.05,353.40,18.80,0,0,0,0.00,0,F1,2000,,,,,
2026-03-30,2026-03-30,FO,NSE,STO,121614,,KOTAKBANK,,2026-05-26,2026-05-26,330.00,CE,KOTAKBANK26MAY330CE,0.00,0.00,0.00,103.40,0.00,103.40,353.40,29.40,0,0,0,0.00,0,F1,2000,,,,,
2026-03-30,2026-03-30,FO,NSE,STO,39413,,KOTAKBANK,,2026-05-26,2026-05-26,325.00,CE,KOTAKBANK26MAY325CE,0.00,0.00,0.00,95.60,0.00,95.60,353.40,33.45,0,0,0,0.00,0,F1,2000,,,,,
2026-03-30,2026-03-30,FO,NSE,STO,134470,,KOTAKBANK,,2026-04-28,2026-04-28,475.00,CE,KOTAKBANK26APR475CE,0.00,0.00,0.00,4.10,0.00,4.10,353.40,0.05,0,0,0,0.00,0,F1,2000,,,,,
2026-03-30,2026-03-30,FO,NSE,STO,134458,,KOTAKBANK,,2026-04-28,2026-04-28,445.00,CE,KOTAKBANK26APR445CE,0.00,0.00,0.00,9.80,0.00,9.80,353.40,0.05,0,0,0,0.00,0,F1,2000,,,,,
2026-03-30,2026-03-30,FO,NSE,STO,121480,,KOTAKBANK,,2026-04-28,2026-04-28,367.50,CE,KOTAKBANK26APR367.5CE,10.00,10.75,8.50,8.75,8.80,13.95,353.40,8.75,440000,34000,251,189251200.00,238,F1,2000,,,,,
2026-03-30,2026-03-30,FO,NSE,STO,49441,,KOTAKBANK,,2026-03-30,2026-03-30,415.00,CE,KOTAKBANK26MAR415CE,0.05,0.05,0.05,0.05,0.05,0.05,353.40,353.40,620000,26000,13,10791300.00,12,F1,2000,,,,,
2026-03-30,2026-03-30,FO,NSE,STO,49387,,KOTAKBANK,,2026-03-30,2026-03-30,345.00,CE,KOTAKBANK26MAR345CE,8.30,8.30,8.30,8.30,8.30,20.45,353.40,353.40,48000,2000,1,706600.00,1,F1,2000,,,,,
2026-03-30,2026-03-30,FO,NSE,STO,133935,,KOTAKBANK,,2026-03-30,2026-03-30,367.50,CE,KOTAKBANK26MAR367.5CE,0.25,0.25,0.05,0.05,0.05,2.85,353.40,353.40,282000,-70000,198,145587300.00,147,F1,2000,,,,,
2026-03-30,2026-03-30,FO,NSE,STO,121661,,KOTAKBANK,,2026-05-26,2026-05-26,435.00,PE,KOTAKBANK26MAY435PE,0.00,0.00,0.00,21.65,0.00,21.65,353.40,78.05,0,0,0,0.00,0,F1,2000,,,,,
2026-03-30,2026-03-30,FO,NSE,STO,121639,,KOTAKBANK,,2026-05-26,2026-05-26,380.00,PE,KOTAKBANK26MAY380PE,0.00,0.00,0.00,3.75,0.00,3.75,353.40,27.80,0,0,0,0.00,0,F1,2000,,,,,
2026-03-30,2026-03-30,FO,NSE,STO,121633,,KOTAKBANK,,2026-05-26,2026-05-26,375.00,PE,KOTAKBANK26MAY375PE,0.00,0.00,0.00,3.00,0.00,3.00,353.40,24.05,0,0,0,0.00,0,F1,2000,,,,,
2026-03-30,2026-03-30,FO,NSE,STO,121613,,KOTAKBANK,,2026-05-26,2026-05-26,320.00,PE,KOTAKBANK26MAY320PE,6.00,7.00,6.00,7.00,7.00,5.50,353.40,1.60,10000,0,3,1959900.00,3,F1,2000,,,,,
2026-03-30,2026-03-30,FO,NSE,STO,134467,,KOTAKBANK,,2026-04-28,2026-04-28,465.00,PE,KOTAKBANK26APR465PE,0.00,0.00,0.00,54.75,0.00,54.75,353.40,109.55,0,0,0,0.00,0,F1,2000,,,,,
2026-03-30,2026-03-30,FO,NSE,STO,134453,,KOTAKBANK,,2026-04-28,2026-04-28,430.00,PE,KOTAKBANK26APR430PE,74.50,74.50,71.00,74.00,74.00,64.55,353.40,74.00,178000,60000,31,31089700.00,8,F1,2000,,,,,
2026-03-30,2026-03-30,FO,NSE,STO,134346,,KOTAKBANK,,2026-04-28,2026-04-28,400.00,PE,KOTAKBANK26APR400PE,46.00,47.50,42.90,46.75,46.60,36.50,353.40,46.75,758000,118000,99,88169200.00,75,F1,2000,,,,,
2026-03-30,2026-03-30,FO,NSE,STO,121469,,KOTAKBANK,,2026-04-28,2026-04-28,337.50,PE,KOTAKBANK26APR337.5PE,7.55,9.20,7.45,9.05,9.00,6.00,353.40,9.05,118000,26000,41,28358700.00,38,F1,2000,,,,,
2026-03-30,2026-03-30,FO,NSE,STO,39412,,KOTAKBANK,,2026-04-28,2026-04-28,332.50,PE,KOTAKBANK26APR332.5PE,6.35,8.00,6.35,7.85,7.95,4.90,353.40,7.85,38000,-14000,66,44882000.00,47,F1,2000,,,,,
2026-03-30,2026-03-30,FO,NSE,STO,134081,,KOTAKBANK,,2026-04-28,2026-04-28,300.00,PE,KOTAKBANK26APR300PE,2.25,2.90,2.05,2.70,2.55,1.75,353.40,2.70,354000,196000,916,554440900.00,600,F1,2000,,,,,
2026-03-30,2026-03-30,FO,NSE,STO,49479,,KOTAKBANK,,2026-03-30,2026-03-30,470.00,PE,KOTAKBANK26MAR470PE,0.00,0.00,0.00,100.00,100.00,100.00,353.40,353.40,24000,0,0,0.00,0,F1,2000,,,,,
2026-03-30,2026-03-30,FO,NSE,STO,133961,,KOTAKBANK,,2026-03-30,2026-03-30,417.50,PE,KOTAKBANK26MAR417.5PE,63.00,63.00,63.00,63.00,63.00,54.95,353.40,353.40,260000,-2000,1,961000.00,1,F1,2000,,,,,
2026-03-30,2026-03-30,FO,NSE,STO,133955,,KOTAKBANK,,2026-03-30,2026-03-30,402.50,PE,KOTAKBANK26MAR402.5PE,47.00,47.95,47.00,47.95,47.95,32.30,353.40,353.40,256000,-2000,2,1799900.00,2,F1,2000,,,,,
2026-03-30,2026-03-30,FO,NSE,STO,126713,,KOTAKBANK,,2026-03-30,2026-03-30,392.00,PE,KOTAKBANK26MAR392PE,38.00,38.00,37.10,37.10,37.10,24.75,353.40,353.40,128000,0,3,2578200.00,2,F1,2000,,,,,
2026-03-30,2026-03-30,FO,NSE,STO,49414,,KOTAKBANK,,2026-03-30,2026-03-30,380.00,PE,KOTAKBANK26MAR380PE,27.00,28.45,22.55,27.90,27.90,15.85,353.40,353.40,894000,-50000,133,108006200.00,101,F1,2000,,,,,
2026-03-30,2026-03-30,FO,NSE,STO,133936,,KOTAKBANK,,2026-03-30,2026-03-30,367.50,PE,KOTAKBANK26MAR367.5PE,14.05,16.35,10.15,14.65,15.25,5.55,353.40,353.40,404000,-24000,69,52592200.00,68,F1,2000,,,,,
2026-03-30,2026-03-30,FO,NSE,STO,133932,,KOTAKBANK,,2026-03-30,2026-03-30,357.50,PE,KOTAKBANK26MAR357.5PE,5.70,6.75,0.65,4.60,5.65,2.00,353.40,353.40,322000,82000,585,421936300.00,543,F1,2000,,,,,
2026-03-30,2026-03-30,FO,NSE,STO,121658,,KOTAKBANK,,2026-05-26,2026-05-26,430.00,CE,KOTAKBANK26MAY430CE,0.00,0.00,0.00,23.95,0.00,23.95,353.40,0.20,0,0,0,0.00,0,F1,2000,,,,,
2026-03-30,2026-03-30,FO,NSE,STO,134445,,KOTAKBANK,,2026-04-28,2026-04-28,425.00,CE,KOTAKBANK26APR425CE,0.70,0.70,0.70,0.70,0.70,1.10,353.40,0.70,24000,-2000,1,851400.00,1,F1,2000,,,,,
2026-03-30,2026-03-30,FO,NSE,STO,121496,,KOTAKBANK,,2026-04-28,2026-04-28,407.50,CE,KOTAKBANK26APR407.5CE,1.75,1.80,1.45,1.70,1.70,2.60,353.40,0.10,48000,-4000,27,22095500.00,21,F1,2000,,,,,
2026-03-30,2026-03-30,FO,NSE,STO,134311,,KOTAKBANK,,2026-04-28,2026-04-28,385.00,CE,KOTAKBANK26APR385CE,5.45,5.45,3.65,3.85,3.85,7.25,353.40,3.85,336000,184000,307,239069200.00,193,F1,2000,,,,,
2026-03-30,2026-03-30,FO,NSE,STO,39409,,KOTAKBANK,,2026-04-28,2026-04-28,327.50,CE,KOTAKBANK26APR327.5CE,0.00,0.00,0.00,47.00,47.00,47.00,353.40,28.35,10000,0,0,0.00,0,F1,2000,,,,,
2026-03-30,2026-03-30,FO,NSE,STO,121464,,KOTAKBANK,,2026-04-28,2026-04-28,295.00,CE,KOTAKBANK26APR295CE,0.00,0.00,0.00,136.10,0.00,136.10,353.40,59.70,0,0,0,0.00,0,F1,2000,,,,,
2026-03-30,2026-03-30,FO,NSE,STO,133956,,KOTAKBANK,,2026-03-30,2026-03-30,407.50,CE,KOTAKBANK26MAR407.5CE,0.05,0.05,0.05,0.05,0.05,0.05,353.40,353.40,472000,8000,5,4075500.00,5,F1,2000,,,,,
2026-03-30,2026-03-30,FO,NSE,STO,49421,,KOTAKBANK,,2026-03-30,2026-03-30,395.00,CE,KOTAKBANK26MAR395CE,0.05,0.05,0.05,0.05,0.05,0.15,353.40,353.40,514000,6000,49,38714900.00,27,F1,2000,,,,,
2026-03-30,2026-03-30,FO,NSE,STO,49417,,KOTAKBANK,,2026-03-30,2026-03-30,390.00,CE,KOTAKBANK26MAR390CE,0.10,0.10,0.05,0.05,0.05,0.20,353.40,353.40,584000,-98000,120,93614000.00,57,F1,2000,,,,,
2026-03-30,2026-03-30,FO,NSE,STO,39411,,KOTAKBANK,,2026-04-28,2026-04-28,332.50,CE,KOTAKBANK26APR332.5CE,0.00,0.00,0.00,86.40,0.00,86.40,353.40,24.05,0,0,0,0.00,0,F1,2000,,,,,
2026-03-30,2026-03-30,FO,NSE,STO,39399,,KOTAKBANK,,2026-03-30,2026-03-30,332.50,CE,KOTAKBANK26MAR332.5CE,0.00,0.00,0.00,84.30,0.00,84.30,353.40,353.40,0,0,0,0.00,0,F1,2000,,,,,
2026-03-30,2026-03-30,FO,NSE,STO,133933,,KOTAKBANK,,2026-03-30,2026-03-30,362.50,CE,KOTAKBANK26MAR362.5CE,1.50,1.50,0.05,0.05,0.05,5.40,353.40,353.40,126000,-72000,393,285183100.00,284,F1,2000,,,,,
2026-03-30,2026-03-30,FO,NSE,STO,49407,,KOTAKBANK,,2026-03-30,2026-03-30,370.00,CE,KOTAKBANK26MAR370CE,0.25,0.45,0.05,0.05,0.05,1.90,353.40,353.40,1370000,-200000,939,695064600.00,689,F1,2000,,,,,
2026-03-30,2026-03-30,FO,NSE,STO,49413,,KOTAKBANK,,2026-03-30,2026-03-30,380.00,CE,KOTAKBANK26MAR380CE,0.05,0.15,0.05,0.05,0.05,0.40,353.40,353.40,3024000,-926000,2321,1764311700.00,1848,F1,2000,,,,,
2026-03-30,2026-03-30,FO,NSE,STO,133954,,KOTAKBANK,,2026-03-30,2026-03-30,402.50,CE,KOTAKBANK26MAR402.5CE,0.00,0.00,0.00,0.05,0.05,0.05,353.40,353.40,302000,0,0,0.00,0,F1,2000,,,,,
2026-03-30,2026-03-30,FO,NSE,STO,49433,,KOTAKBANK,,2026-03-30,2026-03-30,405.00,CE,KOTAKBANK26MAR405CE,0.05,0.05,0.05,0.05,0.05,0.05,353.40,353.40,866000,0,1,810100.00,1,F1,2000,,,,,
2026-03-30,2026-03-30,FO,NSE,STO,133962,,KOTAKBANK,,2026-03-30,2026-03-30,422.50,CE,KOTAKBANK26MAR422.5CE,0.05,0.05,0.05,0.05,0.05,0.05,353.40,353.40,438000,8000,7,5915700.00,4,F1,2000,,,,,
2026-03-30,2026-03-30,FO,NSE,STO,49464,,KOTAKBANK,,2026-03-30,2026-03-30,445.00,CE,KOTAKBANK26MAR445CE,0.05,0.05,0.05,0.05,0.05,0.05,353.40,353.40,108000,0,3,2670300.00,2,F1,2000,,,,,
2026-03-30,2026-03-30,FO,NSE,STO,49484,,KOTAKBANK,,2026-03-30,2026-03-30,485.00,CE,KOTAKBANK26MAR485CE,0.00,0.00,0.00,0.05,0.05,0.05,353.40,353.40,54000,0,0,0.00,0,F1,2000,,,,,
2026-03-30,2026-03-30,FO,NSE,STO,134246,,KOTAKBANK,,2026-04-28,2026-04-28,345.00,CE,KOTAKBANK26APR345CE,21.85,21.85,21.85,21.85,21.85,66.80,353.40,14.60,2000,2000,1,733700.00,1,F1,2000,,,,,
2026-03-30,2026-03-30,FO,NSE,STO,134285,,KOTAKBANK,,2026-04-28,2026-04-28,360.00,CE,KOTAKBANK26APR360CE,14.15,14.55,11.60,12.05,12.20,18.10,353.40,12.05,714000,426000,1553,1158440100.00,1374,F1,2000,,,,,
2026-03-30,2026-03-30,FO,NSE,STO,134341,,KOTAKBANK,,2026-04-28,2026-04-28,395.00,CE,KOTAKBANK26APR395CE,3.05,3.10,2.30,2.40,2.50,4.55,353.40,2.40,240000,118000,127,101031200.00,101,F1,2000,,,,,
2026-03-30,2026-03-30,FO,NSE,STO,134344,,KOTAKBANK,,2026-04-28,2026-04-28,400.00,CE,KOTAKBANK26APR400CE,2.80,2.80,1.80,1.90,1.90,3.60,353.40,1.90,1970000,450000,1208,971660700.00,835,F1,2000,,,,,
2026-03-30,2026-03-30,FO,NSE,STO,134349,,KOTAKBANK,,2026-04-28,2026-04-28,405.00,CE,KOTAKBANK26APR405CE,2.00,2.00,1.45,1.50,1.50,2.95,353.40,1.50,226000,8000,19,15453700.00,18,F1,2000,,,,,
2026-03-30,2026-03-30,FO,NSE,STO,134351,,KOTAKBANK,,2026-04-28,2026-04-28,410.00,CE,KOTAKBANK26APR410CE,1.50,1.65,1.20,1.25,1.25,2.25,353.40,1.25,264000,-70000,94,77338500.00,74,F1,2000,,,,,
2026-03-30,2026-03-30,FO,NSE,STO,121508,,KOTAKBANK,,2026-04-28,2026-04-28,437.50,CE,KOTAKBANK26APR437.5CE,0.00,0.00,0.00,15.80,0.00,15.80,353.40,0.05,0,0,0,0.00,0,F1,2000,,,,,
2026-03-30,2026-03-30,FO,NSE,STO,134456,,KOTAKBANK,,2026-04-28,2026-04-28,440.00,CE,KOTAKBANK26APR440CE,0.50,0.50,0.30,0.45,0.45,0.55,353.40,0.05,138000,6000,13,11451700.00,10,F1,2000,,,,,
2026-03-30,2026-03-30,FO,NSE,STO,121630,,KOTAKBANK,,2026-05-26,2026-05-26,370.00,CE,KOTAKBANK26MAY370CE,0.00,0.00,0.00,66.20,0.00,66.20,353.40,7.10,0,0,0,0.00,0,F1,2000,,,,,
2026-03-30,2026-03-30,FO,NSE,STO,49358,,KOTAKBANK,,2026-03-30,2026-03-30,300.00,PE,KOTAKBANK26MAR300PE,0.00,0.00,0.00,0.05,0.05,0.05,353.40,353.40,110000,0,0,0.00,0,F1,2000,,,,,
2026-03-30,2026-03-30,FO,NSE,STO,39400,,KOTAKBANK,,2026-03-30,2026-03-30,332.50,PE,KOTAKBANK26MAR332.5PE,0.45,0.45,0.05,0.05,0.05,0.35,353.40,353.40,16000,8000,18,11975600.00,14,F1,2000,,,,,
2026-03-30,2026-03-30,FO,NSE,STO,126680,,KOTAKBANK,,2026-03-30,2026-03-30,360.00,PE,KOTAKBANK26MAR360PE,3.35,9.40,2.50,7.30,7.85,2.60,353.40,353.40,1450000,-2426000,4214,3079767200.00,3799,F1,2000,,,,,
2026-03-30,2026-03-30,FO,NSE,STO,133967,,KOTAKBANK,,2026-03-30,2026-03-30,432.50,PE,KOTAKBANK26MAR432.5PE,76.40,80.50,76.40,80.15,80.50,70.00,353.40,353.40,550000,-12000,89,91217800.00,65,F1,2000,,,,,
2026-03-30,2026-03-30,FO,NSE,STO,49461,,KOTAKBANK,,2026-03-30,2026-03-30,435.00,PE,KOTAKBANK26MAR435PE,82.95,82.95,75.50,79.90,79.90,72.45,353.40,353.40,96000,-10000,17,17458500.00,17,F1,2000,,,,,
2026-03-30,2026-03-30,FO,NSE,STO,134306,,KOTAKBANK,,2026-04-28,2026-04-28,375.00,PE,KOTAKBANK26APR375PE,26.70,26.70,22.95,24.50,24.50,19.25,353.40,22.40,336000,22000,41,32801000.00,37,F1,2000,,,,,
2026-03-30,2026-03-30,FO,NSE,STO,121497,,KOTAKBANK,,2026-04-28,2026-04-28,407.50,PE,KOTAKBANK26APR407.5PE,52.00,52.00,52.00,52.00,52.00,15.65,353.40,52.45,2000,2000,1,919000.00,1,F1,2000,,,,,
2026-03-30,2026-03-30,FO,NSE,STO,134455,,KOTAKBANK,,2026-04-28,2026-04-28,435.00,PE,KOTAKBANK26APR435PE,0.00,0.00,0.00,70.95,70.95,70.95,353.40,79.70,6000,0,0,0.00,0,F1,2000,,,,,
2026-03-30,2026-03-30,FO,NSE,STO,134461,,KOTAKBANK,,2026-04-28,2026-04-28,450.00,PE,KOTAKBANK26APR450PE,92.45,95.05,92.45,94.60,94.60,83.50,353.40,94.65,78000,16000,9,9793400.00,9,F1,2000,,,,,
2026-03-30,2026-03-30,FO,NSE,STO,134473,,KOTAKBANK,,2026-04-28,2026-04-28,480.00,PE,KOTAKBANK26APR480PE,122.35,123.50,122.35,123.40,123.50,67.45,353.40,123.40,10000,10000,7,8441600.00,7,F1,2000,,,,,
2026-03-30,2026-03-30,FO,NSE,STO,121611,,KOTAKBANK,,2026-05-26,2026-05-26,310.00,PE,KOTAKBANK26MAY310PE,0.00,0.00,0.00,0.05,0.00,0.05,353.40,0.70,0,0,0,0.00,0,F1,2000,,,,,
2026-03-30,2026-03-30,FO,NSE,STO,121645,,KOTAKBANK,,2026-05-26,2026-05-26,395.00,PE,KOTAKBANK26MAY395PE,0.00,0.00,0.00,6.70,0.00,6.70,353.40,40.25,0,0,0,0.00,0,F1,2000,,,,,
2026-03-30,2026-03-30,FO,NSE,STO,121646,,KOTAKBANK,,2026-05-26,2026-05-26,400.00,CE,KOTAKBANK26MAY400CE,0.00,0.00,0.00,42.25,0.00,42.25,353.40,1.50,0,0,0,0.00,0,F1,2000,,,,,
2026-03-30,2026-03-30,FO,NSE,STO,121638,,KOTAKBANK,,2026-05-26,2026-05-26,380.00,CE,KOTAKBANK26MAY380CE,0.00,0.00,0.00,57.70,0.00,57.70,353.40,4.45,0,0,0,0.00,0,F1,2000,,,,,
2026-03-30,2026-03-30,FO,NSE,STO,121506,,KOTAKBANK,,2026-04-28,2026-04-28,432.50,CE,KOTAKBANK26APR432.5CE,0.80,0.80,0.40,0.40,0.40,1.00,353.40,0.40,16000,0,2,1732400.00,2,F1,2000,,,,,
2026-03-30,2026-03-30,FO,NSE,STO,134447,,KOTAKBANK,,2026-04-28,2026-04-28,430.00,CE,KOTAKBANK26APR430CE,0.70,0.70,0.50,0.55,0.50,0.85,353.40,0.55,182000,16000,46,39614900.00,33,F1,2000,,,,,
2026-03-30,2026-03-30,FO,NSE,STO,121482,,KOTAKBANK,,2026-04-28,2026-04-28,372.50,CE,KOTAKBANK26APR372.5CE,8.45,8.65,6.80,6.90,7.00,11.80,353.40,6.90,508000,110000,188,143003000.00,185,F1,2000,,,,,
2026-03-30,2026-03-30,FO,NSE,STO,121470,,KOTAKBANK,,2026-04-28,2026-04-28,342.50,CE,KOTAKBANK26APR342.5CE,0.00,0.00,0.00,89.30,0.00,89.30,353.40,16.30,0,0,0,0.00,0,F1,2000,,,,,
2026-03-30,2026-03-30,FO,NSE,STO,126650,,KOTAKBANK,,2026-03-30,2026-03-30,320.00,CE,KOTAKBANK26MAR320CE,0.00,0.00,0.00,576.90,0.00,576.90,353.40,353.40,0,0,0,0.00,0,F1,2000,,,,,
2026-03-30,2026-03-30,FO,NSE,STO,133913,,KOTAKBANK,,2026-03-30,2026-03-30,325.00,CE,KOTAKBANK26MAR325CE,0.00,0.00,0.00,87.25,0.00,87.25,353.40,353.40,0,0,0,0.00,0,F1,2000,,,,,
2026-03-30,2026-03-30,FO,NSE,STO,133941,,KOTAKBANK,,2026-03-30,2026-03-30,377.50,CE,KOTAKBANK26MAR377.5CE,0.05,0.05,0.05,0.05,0.05,0.60,353.40,353.40,368000,-2000,15,11326500.00,12,F1,2000,,,,,
2026-03-30,2026-03-30,FO,NSE,STO,133960,,KOTAKBANK,,2026-03-30,2026-03-30,417.50,CE,KOTAKBANK26MAR417.5CE,0.05,0.05,0.05,0.05,0.05,0.05,353.40,353.40,230000,18000,10,8351000.00,3,F1,2000,,,,,
2026-03-30,2026-03-30,FO,NSE,STO,133974,,KOTAKBANK,,2026-03-30,2026-03-30,452.50,CE,KOTAKBANK26MAR452.5CE,0.05,0.05,0.05,0.05,0.05,0.10,353.40,353.40,1522000,0,1,905100.00,1,F1,2000,,,,,
2026-03-30,2026-03-30,FO,NSE,STO,126768,,KOTAKBANK,,2026-03-30,2026-03-30,480.00,CE,KOTAKBANK26MAR480CE,0.00,0.00,0.00,0.05,0.05,0.05,353.40,353.40,82000,0,0,0.00,0,F1,2000,,,,,
2026-03-30,2026-03-30,FO,NSE,STO,126776,,KOTAKBANK,,2026-03-30,2026-03-30,496.00,CE,KOTAKBANK26MAR496CE,0.05,0.05,0.05,0.05,0.05,0.05,353.40,353.40,36000,-2000,1,992100.00,1,F1,2000,,,,,
2026-03-30,2026-03-30,FO,NSE,STO,134084,,KOTAKBANK,,2026-04-28,2026-04-28,320.00,CE,KOTAKBANK26APR320CE,0.00,0.00,0.00,93.95,0.00,93.95,353.40,35.25,0,0,0,0.00,0,F1,2000,,,,,
2026-03-30,2026-03-30,FO,NSE,STO,121671,,KOTAKBANK,,2026-05-26,2026-05-26,460.00,PE,KOTAKBANK26MAY460PE,0.00,0.00,0.00,36.75,0.00,36.75,353.40,102.70,0,0,0,0.00,0,F1,2000,,,,,
2026-03-30,2026-03-30,FO,NSE,STO,121641,,KOTAKBANK,,2026-05-26,2026-05-26,385.00,PE,KOTAKBANK26MAY385PE,0.00,0.00,0.00,4.60,0.00,4.60,353.40,31.75,0,0,0,0.00,0,F1,2000,,,,,
2026-03-30,2026-03-30,FO,NSE,STO,121625,,KOTAKBANK,,2026-05-26,2026-05-26,355.00,PE,KOTAKBANK26MAY355PE,0.00,0.00,0.00,1.15,0.00,1.15,353.40,11.75,0,0,0,0.00,0,F1,2000,,,,,
2026-03-30,2026-03-30,FO,NSE,STO,121623,,KOTAKBANK,,2026-05-26,2026-05-26,350.00,PE,KOTAKBANK26MAY350PE,0.00,0.00,0.00,0.90,0.00,0.90,353.40,9.45,0,0,0,0.00,0,F1,2000,,,,,
2026-03-30,2026-03-30,FO,NSE,STO,134465,,KOTAKBANK,,2026-04-28,2026-04-28,460.00,PE,KOTAKBANK26APR460PE,103.00,104.50,102.00,102.00,102.00,92.50,353.40,104.60,30000,12000,6,6759000.00,6,F1,2000,,,,,
2026-03-30,2026-03-30,FO,NSE,STO,121485,,KOTAKBANK,,2026-04-28,2026-04-28,377.50,PE,KOTAKBANK26APR377.5PE,26.75,26.95,26.05,26.05,26.05,21.90,353.40,24.45,300000,-10000,15,12129000.00,15,F1,2000,,,,,
2026-03-30,2026-03-30,FO,NSE,STO,121483,,KOTAKBANK,,2026-04-28,2026-04-28,372.50,PE,KOTAKBANK26APR372.5PE,23.30,25.85,22.30,23.10,23.10,17.90,353.40,20.40,284000,-68000,59,46855000.00,57,F1,2000,,,,,
2026-03-30,2026-03-30,FO,NSE,STO,49424,,KOTAKBANK,,2026-03-30,2026-03-30,395.00,PE,KOTAKBANK26MAR395PE,40.55,43.00,38.80,40.00,40.00,30.10,353.40,353.40,420000,-78000,83,72566100.00,37,F1,2000,,,,,
2026-03-30,2026-03-30,FO,NSE,STO,133926,,KOTAKBANK,,2026-03-30,2026-03-30,342.50,PE,KOTAKBANK26MAR342.5PE,1.50,1.50,0.05,0.05,0.05,0.50,353.40,353.40,80000,10000,81,55573300.00,75,F1,2000,,,,,
2026-03-30,2026-03-30,FO,NSE,STO,121670,,KOTAKBANK,,2026-05-26,2026-05-26,460.00,CE,KOTAKBANK26MAY460CE,0.00,0.00,0.00,12.00,0.00,12.00,353.40,0.05,0,0,0,0.00,0,F1,2000,,,,,
2026-03-30,2026-03-30,FO,NSE,STO,133952,,KOTAKBANK,,2026-03-30,2026-03-30,397.50,CE,KOTAKBANK26MAR397.5CE,0.05,0.05,0.05,0.05,0.05,0.15,353.40,353.40,348000,0,29,23057900.00,10,F1,2000,,,,,
2026-03-30,2026-03-30,FO,NSE,STO,49468,,KOTAKBANK,,2026-03-30,2026-03-30,450.00,CE,KOTAKBANK26MAR450CE,0.05,0.05,0.05,0.05,0.05,0.05,353.40,353.40,820000,0,4,3600400.00,2,F1,2000,,,,,
2026-03-30,2026-03-30,FO,NSE,STO,134082,,KOTAKBANK,,2026-04-28,2026-04-28,310.00,CE,KOTAKBANK26APR310CE,0.00,0.00,0.00,103.65,0.00,103.65,353.40,44.85,0,0,0,0.00,0,F1,2000,,,,,
2026-03-30,2026-03-30,FO,NSE,STO,43205,,KOTAKBANK,,2026-04-28,2026-04-28,315.00,CE,KOTAKBANK26APR315CE,45.40,45.40,45.40,45.40,45.40,97.10,353.40,40.00,4000,4000,2,1441600.00,2,F1,2000,,,,,
2026-03-30,2026-03-30,FO,NSE,STO,134123,,KOTAKBANK,,2026-04-28,2026-04-28,335.00,CE,KOTAKBANK26APR335CE,28.10,28.10,28.10,28.10,28.10,41.10,353.40,22.00,0,-2000,1,726200.00,1,F1,2000,,,,,
2026-03-30,2026-03-30,FO,NSE,STO,121486,,KOTAKBANK,,2026-04-28,2026-04-28,382.50,CE,KOTAKBANK26APR382.5CE,4.95,5.55,4.35,4.50,4.45,8.00,353.40,4.50,228000,148000,114,88264500.00,65,F1,2000,,,,,
2026-03-30,2026-03-30,FO,NSE,STO,134286,,KOTAKBANK,,2026-04-28,2026-04-28,360.00,PE,KOTAKBANK26APR360PE,14.00,18.40,14.00,17.25,17.10,11.90,353.40,17.25,888000,-210000,1913,1440736100.00,1718,F1,2000,,,,,
2026-03-30,2026-03-30,FO,NSE,STO,134284,,KOTAKBANK,,2026-04-28,2026-04-28,355.00,PE,KOTAKBANK26APR355PE,13.85,15.95,12.75,14.95,14.95,10.10,353.40,14.95,520000,288000,1079,797275500.00,918,F1,2000,,,,,
2026-03-30,2026-03-30,FO,NSE,STO,121475,,KOTAKBANK,,2026-04-28,2026-04-28,352.50,PE,KOTAKBANK26APR352.5PE,11.95,14.80,11.70,13.85,13.65,9.55,353.40,13.85,174000,164000,675,494340700.00,567,F1,2000,,,,,
2026-03-30,2026-03-30,FO,NSE,STO,49499,,KOTAKBANK,,2026-03-30,2026-03-30,490.00,PE,KOTAKBANK26MAR490PE,0.00,0.00,0.00,125.50,125.50,125.50,353.40,353.40,6000,0,0,0.00,0,F1,2000,,,,,
2026-03-30,2026-03-30,FO,NSE,STO,126769,,KOTAKBANK,,2026-03-30,2026-03-30,480.00,PE,KOTAKBANK26MAR480PE,0.00,0.00,0.00,55.00,55.00,55.00,353.40,353.40,2000,0,0,0.00,0,F1,2000,,,,,
2026-03-30,2026-03-30,FO,NSE,STO,133975,,KOTAKBANK,,2026-03-30,2026-03-30,452.50,PE,KOTAKBANK26MAR452.5PE,0.00,0.00,0.00,43.80,0.00,43.80,353.40,353.40,0,0,0,0.00,0,F1,2000,,,,,
2026-03-30,2026-03-30,FO,NSE,STO,49465,,KOTAKBANK,,2026-03-30,2026-03-30,445.00,PE,KOTAKBANK26MAR445PE,0.00,0.00,0.00,21.10,21.05,21.10,353.40,353.40,12000,0,0,0.00,0,F1,2000,,,,,
2026-03-30,2026-03-30,FO,NSE,STO,126711,,KOTAKBANK,,2026-03-30,2026-03-30,384.00,PE,KOTAKBANK26MAR384PE,32.00,33.00,28.75,28.75,28.75,19.65,353.40,353.40,176000,0,12,9958500.00,7,F1,2000,,,,,
2026-03-30,2026-03-30,FO,NSE,STO,36237,,KOTAKBANK,,2026-05-26,2026-05-26,335.00,PE,KOTAKBANK26MAY335PE,0.00,0.00,0.00,0.40,0.00,0.40,353.40,4.35,0,0,0,0.00,0,F1,2000,,,,,
2026-03-30,2026-03-30,FO,NSE,STO,133968,,KOTAKBANK,,2026-03-30,2026-03-30,437.50,CE,KOTAKBANK26MAR437.5CE,0.05,0.05,0.05,0.05,0.05,0.05,353.40,353.40,280000,2000,2,1750200.00,2,F1,2000,,,,,
2026-03-30,2026-03-30,FO,NSE,STO,49404,,KOTAKBANK,,2026-03-30,2026-03-30,355.00,PE,KOTAKBANK26MAR355PE,1.60,5.90,0.05,1.60,2.00,1.55,353.40,353.40,226000,-588000,2851,2033392700.00,2068,F1,2000,,,,,
2026-03-30,2026-03-30,FO,NSE,STO,133930,,KOTAKBANK,,2026-03-30,2026-03-30,352.50,PE,KOTAKBANK26MAR352.5PE,1.35,5.15,0.05,0.05,0.05,1.35,353.40,353.40,160000,16000,675,477888200.00,491,F1,2000,,,,,
2026-03-30,2026-03-30,FO,NSE,STO,49362,,KOTAKBANK,,2026-03-30,2026-03-30,330.00,PE,KOTAKBANK26MAR330PE,0.45,0.65,0.05,0.05,0.05,0.25,353.40,353.40,226000,-134000,241,159185300.00,169,F1,2000,,,,,
2026-03-30,2026-03-30,FO,NSE,STO,133903,,KOTAKBANK,,2026-03-30,2026-03-30,305.00,PE,KOTAKBANK26MAR305PE,0.00,0.00,0.00,0.05,0.05,0.05,353.40,353.40,20000,0,0,0.00,0,F1,2000,,,,,
2026-03-30,2026-03-30,FO,NSE,STO,121682,,KOTAKBANK,,2026-05-26,2026-05-26,480.00,CE,KOTAKBANK26MAY480CE,0.00,0.00,0.00,7.10,0.00,7.10,353.40,0.05,0,0,0,0.00,0,F1,2000,,,,,
2026-03-30,2026-03-30,FO,NSE,STO,121648,,KOTAKBANK,,2026-05-26,2026-05-26,405.00,CE,KOTAKBANK26MAY405CE,0.00,0.00,0.00,38.75,0.00,38.75,353.40,1.10,0,0,0,0.00,0,F1,2000,,,,,
2026-03-30,2026-03-30,FO,NSE,STO,134469,,KOTAKBANK,,2026-04-28,2026-04-28,470.00,PE,KOTAKBANK26APR470PE,0.00,0.00,0.00,58.85,0.00,58.85,353.40,114.55,0,0,0,0.00,0,F1,2000,,,,,
2026-03-30,2026-03-30,FO,NSE,STO,121515,,KOTAKBANK,,2026-04-28,2026-04-28,452.50,PE,KOTAKBANK26APR452.5PE,0.00,0.00,0.00,29.85,0.00,29.85,353.40,97.15,0,0,0,0.00,0,F1,2000,,,,,
2026-03-30,2026-03-30,FO,NSE,STO,121511,,KOTAKBANK,,2026-04-28,2026-04-28,442.50,PE,KOTAKBANK26APR442.5PE,0.00,0.00,0.00,41.20,41.20,41.20,353.40,87.15,2000,0,0,0.00,0,F1,2000,,,,,
2026-03-30,2026-03-30,FO,NSE,STO,134354,,KOTAKBANK,,2026-04-28,2026-04-28,415.00,PE,KOTAKBANK26APR415PE,59.60,59.60,59.60,59.60,59.60,44.95,353.40,59.60,44000,2000,1,949200.00,1,F1,2000,,,,,
2026-03-30,2026-03-30,FO,NSE,STO,121491,,KOTAKBANK,,2026-04-28,2026-04-28,392.50,PE,KOTAKBANK26APR392.5PE,0.00,0.00,0.00,20.00,20.00,20.00,353.40,37.95,4000,0,0,0.00,0,F1,2000,,,,,
2026-03-30,2026-03-30,FO,NSE,STO,134300,,KOTAKBANK,,2026-04-28,2026-04-28,365.00,PE,KOTAKBANK26APR365PE,17.95,20.90,17.00,19.80,19.95,13.75,353.40,19.80,518000,2000,277,212669500.00,267,F1,2000,,,,,
2026-03-30,2026-03-30,FO,NSE,STO,121494,,KOTAKBANK,,2026-04-28,2026-04-28,402.50,CE,KOTAKBANK26APR402.5CE,2.00,2.20,1.70,1.80,1.80,3.25,353.40,0.20,118000,26000,68,55007900.00,53,F1,2000,,,,,
2026-03-30,2026-03-30,FO,NSE,STO,49357,,KOTAKBANK,,2026-03-30,2026-03-30,300.00,CE,KOTAKBANK26MAR300CE,0.00,0.00,0.00,124.70,0.00,124.70,353.40,353.40,0,0,0,0.00,0,F1,2000,,,,,
2026-03-30,2026-03-30,FO,NSE,STO,49389,,KOTAKBANK,,2026-03-30,2026-03-30,350.00,CE,KOTAKBANK26MAR350CE,5.10,7.70,2.30,2.95,2.30,16.00,353.40,353.40,218000,90000,379,269090700.00,335,F1,2000,,,,,
2026-03-30,2026-03-30,FO,NSE,STO,134309,,KOTAKBANK,,2026-04-28,2026-04-28,380.00,CE,KOTAKBANK26APR380CE,6.15,6.35,4.70,4.85,4.80,8.65,353.40,4.85,890000,204000,1292,996115500.00,1113,F1,2000,,,,,
2026-03-30,2026-03-30,FO,NSE,STO,121468,,KOTAKBANK,,2026-04-28,2026-04-28,337.50,CE,KOTAKBANK26APR337.5CE,0.00,0.00,0.00,94.20,0.00,94.20,353.40,20.00,0,0,0,0.00,0,F1,2000,,,,,
2026-03-30,2026-03-30,FO,NSE,STO,134086,,KOTAKBANK,,2026-04-28,2026-04-28,325.00,CE,KOTAKBANK26APR325CE,35.20,38.00,34.90,35.30,36.00,89.15,353.40,35.30,4000,4000,7,5055600.00,7,F1,2000,,,,,
2026-03-30,2026-03-30,FO,NSE,STO,126732,,KOTAKBANK,,2026-03-30,2026-03-30,440.00,CE,KOTAKBANK26MAR440CE,0.05,0.05,0.05,0.05,0.05,0.05,353.40,353.40,1448000,14000,11,9681100.00,8,F1,2000,,,,,
2026-03-30,2026-03-30,FO,NSE,STO,121655,,KOTAKBANK,,2026-05-26,2026-05-26,420.00,PE,KOTAKBANK26MAY420PE,0.00,0.00,0.00,14.70,0.00,14.70,353.40,63.45,0,0,0,0.00,0,F1,2000,,,,,
2026-03-30,2026-03-30,FO,NSE,STO,121619,,KOTAKBANK,,2026-05-26,2026-05-26,345.00,PE,KOTAKBANK26MAY345PE,0.00,0.00,0.00,0.65,0.00,0.65,353.40,7.45,0,0,0,0.00,0,F1,2000,,,,,
2026-03-30,2026-03-30,FO,NSE,STO,121606,,KOTAKBANK,,2026-05-26,2026-05-26,300.00,PE,KOTAKBANK26MAY300PE,0.00,0.00,0.00,0.05,0.00,0.05,353.40,0.30,0,0,0,0.00,0,F1,2000,,,,,
2026-03-30,2026-03-30,FO,NSE,STO,121505,,KOTAKBANK,,2026-04-28,2026-04-28,427.50,PE,KOTAKBANK26APR427.5PE,0.00,0.00,0.00,14.05,14.05,14.05,353.40,72.25,2000,0,0,0.00,0,F1,2000,,,,,
2026-03-30,2026-03-30,FO,NSE,STO,121487,,KOTAKBANK,,2026-04-28,2026-04-28,382.50,PE,KOTAKBANK26APR382.5PE,0.00,0.00,0.00,23.25,23.25,23.25,353.40,28.80,18000,0,0,0.00,0,F1,2000,,,,,
2026-03-30,2026-03-30,FO,NSE,STO,134310,,KOTAKBANK,,2026-04-28,2026-04-28,380.00,PE,KOTAKBANK26APR380PE,28.95,31.35,26.55,29.50,29.50,22.40,353.40,29.50,450000,-2000,115,94129600.00,96,F1,2000,,,,,
2026-03-30,2026-03-30,FO,NSE,STO,134085,,KOTAKBANK,,2026-04-28,2026-04-28,320.00,PE,KOTAKBANK26APR320PE,3.80,5.45,3.25,5.30,5.00,3.15,353.40,5.30,1290000,638000,1363,885587500.00,957,F1,2000,,,,,
2026-03-30,2026-03-30,FO,NSE,STO,49471,,KOTAKBANK,,2026-03-30,2026-03-30,455.00,PE,KOTAKBANK26MAR455PE,0.00,0.00,0.00,37.05,0.00,37.05,353.40,353.40,0,0,0,0.00,0,F1,2000,,,,,
2026-03-30,2026-03-30,FO,NSE,STO,49469,,KOTAKBANK,,2026-03-30,2026-03-30,450.00,PE,KOTAKBANK26MAR450PE,98.00,98.00,94.00,94.00,94.00,85.10,353.40,353.40,52000,-2000,12,13138000.00,12,F1,2000,,,,,
2026-03-30,2026-03-30,FO,NSE,STO,133973,,KOTAKBANK,,2026-03-30,2026-03-30,447.50,PE,KOTAKBANK26MAR447.5PE,0.00,0.00,0.00,22.10,22.10,22.10,353.40,353.40,0,0,0,0.00,0,F1,2000,,,,,
2026-03-30,2026-03-30,FO,NSE,STO,133959,,KOTAKBANK,,2026-03-30,2026-03-30,412.50,PE,KOTAKBANK26MAR412.5PE,59.00,59.00,58.00,58.00,58.00,50.00,353.40,353.40,490000,-10000,5,4709000.00,3,F1,2000,,,,,
2026-03-30,2026-03-30,FO,NSE,STF,66255,,KOTAKBANK,,2026-05-26,2026-05-26,,,KOTAKBANK26MAYFUT,360.30,361.65,355.10,356.70,357.50,368.35,353.40,356.70,19072000,3944000,2614,1868528900.00,1202,F1,2000,,,,,
2026-03-30,2026-03-30,FO,NSE,STO,133904,,KOTAKBANK,,2026-03-30,2026-03-30,315.00,CE,KOTAKBANK26MAR315CE,0.00,0.00,0.00,97.05,0.00,97.05,353.40,353.40,0,0,0,0.00,0,F1,2000,,,,,
2026-03-30,2026-03-30,FO,NSE,STO,49415,,KOTAKBANK,,2026-03-30,2026-03-30,385.00,CE,KOTAKBANK26MAR385CE,0.10,0.10,0.05,0.05,0.05,0.30,353.40,353.40,770000,-48000,50,38505200.00,27,F1,2000,,,,,
2026-03-30,2026-03-30,FO,NSE,STO,121684,,KOTAKBANK,,2026-05-26,2026-05-26,480.00,PE,KOTAKBANK26MAY480PE,0.00,0.00,0.00,51.50,0.00,51.50,353.40,122.50,0,0,0,0.00,0,F1,2000,,,,,
2026-03-30,2026-03-30,FO,NSE,STO,49439,,KOTAKBANK,,2026-03-30,2026-03-30,410.00,CE,KOTAKBANK26MAR410CE,0.05,0.05,0.05,0.05,0.05,0.05,353.40,353.40,1600000,10000,20,16402000.00,10,F1,2000,,,,,
2026-03-30,2026-03-30,FO,NSE,STO,133958,,KOTAKBANK,,2026-03-30,2026-03-30,412.50,CE,KOTAKBANK26MAR412.5CE,0.00,0.00,0.00,0.05,0.05,0.05,353.40,353.40,442000,0,0,0.00,0,F1,2000,,,,,
2026-03-30,2026-03-30,FO,NSE,STO,49445,,KOTAKBANK,,2026-03-30,2026-03-30,420.00,CE,KOTAKBANK26MAR420CE,0.05,0.05,0.05,0.05,0.05,0.05,353.40,353.40,1088000,14000,14,11761400.00,12,F1,2000,,,,,
2026-03-30,2026-03-30,FO,NSE,STO,133953,,KOTAKBANK,,2026-03-30,2026-03-30,397.50,PE,KOTAKBANK26MAR397.5PE,44.75,44.75,40.45,40.45,40.45,34.45,353.40,353.40,550000,-2000,7,6163400.00,3,F1,2000,,,,,
2026-03-30,2026-03-30,FO,NSE,STO,39398,,KOTAKBANK,,2026-03-30,2026-03-30,327.50,PE,KOTAKBANK26MAR327.5PE,0.25,0.35,0.15,0.15,0.15,0.35,353.40,353.40,40000,4000,15,9830500.00,11,F1,2000,,,,,
2026-03-30,2026-03-30,FO,NSE,STO,121626,,KOTAKBANK,,2026-05-26,2026-05-26,360.00,CE,KOTAKBANK26MAY360CE,0.00,0.00,0.00,75.10,0.00,75.10,353.40,10.85,0,0,0,0.00,0,F1,2000,,,,,
2026-03-30,2026-03-30,FO,NSE,STO,134466,,KOTAKBANK,,2026-04-28,2026-04-28,465.00,CE,KOTAKBANK26APR465CE,0.00,0.00,0.00,2.35,2.35,2.35,353.40,0.05,2000,0,0,0.00,0,F1,2000,,,,,
2026-03-30,2026-03-30,FO,NSE,STO,121514,,KOTAKBANK,,2026-04-28,2026-04-28,452.50,CE,KOTAKBANK26APR452.5CE,0.00,0.00,0.00,10.20,0.00,10.20,353.40,0.05,0,0,0,0.00,0,F1,2000,,,,,
2026-03-30,2026-03-30,FO,NSE,STO,134460,,KOTAKBANK,,2026-04-28,2026-04-28,450.00,CE,KOTAKBANK26APR450CE,0.35,0.40,0.30,0.30,0.30,0.30,353.40,0.05,24000,0,6,5404400.00,6,F1,2000,,,,,
2026-03-30,2026-03-30,FO,NSE,STO,121669,,KOTAKBANK,,2026-05-26,2026-05-26,455.00,PE,KOTAKBANK26MAY455PE,0.00,0.00,0.00,33.40,0.00,33.40,353.40,97.75,0,0,0,0.00,0,F1,2000,,,,,
2026-03-30,2026-03-30,FO,NSE,STO,133943,,KOTAKBANK,,2026-03-30,2026-03-30,382.50,CE,KOTAKBANK26MAR382.5CE,0.10,0.10,0.05,0.05,0.05,0.25,353.40,353.40,208000,-12000,35,26778900.00,27,F1,2000,,,,,
2026-03-30,2026-03-30,FO,NSE,STO,134088,,KOTAKBANK,,2026-04-28,2026-04-28,330.00,CE,KOTAKBANK26APR330CE,34.00,34.00,34.00,34.00,34.00,84.40,353.40,26.15,2000,2000,1,728000.00,1,F1,2000,,,,,
2026-03-30,2026-03-30,FO,NSE,STO,49409,,KOTAKBANK,,2026-03-30,2026-03-30,375.00,CE,KOTAKBANK26MAR375CE,0.35,0.35,0.05,0.05,0.05,0.85,353.40,353.40,908000,-218000,308,231059900.00,219,F1,2000,,,,,
2026-03-30,2026-03-30,FO,NSE,STO,49359,,KOTAKBANK,,2026-03-30,2026-03-30,310.00,CE,KOTAKBANK26MAR310CE,0.00,0.00,0.00,114.80,0.00,114.80,353.40,353.40,0,0,0,0.00,0,F1,2000,,,,,
2026-03-30,2026-03-30,FO,NSE,STO,133897,,KOTAKBANK,,2026-03-30,2026-03-30,295.00,CE,KOTAKBANK26MAR295CE,0.00,0.00,0.00,116.80,0.00,116.80,353.40,353.40,0,0,0,0.00,0,F1,2000,,,,,
2026-03-30,2026-03-30,FO,NSE,STO,39410,,KOTAKBANK,,2026-04-28,2026-04-28,327.50,PE,KOTAKBANK26APR327.5PE,6.00,6.15,6.00,6.15,6.15,4.10,353.40,1.05,16000,2000,5,3335800.00,4,F1,2000,,,,,
2026-03-30,2026-03-30,FO,NSE,STO,121472,,KOTAKBANK,,2026-04-28,2026-04-28,347.50,CE,KOTAKBANK26APR347.5CE,0.00,0.00,0.00,84.45,0.00,84.45,353.40,13.00,0,0,0,0.00,0,F1,2000,,,,,
2026-03-30,2026-03-30,FO,NSE,STO,134283,,KOTAKBANK,,2026-04-28,2026-04-28,355.00,CE,KOTAKBANK26APR355CE,15.35,17.25,14.20,14.75,14.55,21.65,353.40,14.75,276000,272000,698,517278800.00,647,F1,2000,,,,,
2026-03-30,2026-03-30,FO,NSE,STO,121649,,KOTAKBANK,,2026-05-26,2026-05-26,405.00,PE,KOTAKBANK26MAY405PE,0.00,0.00,0.00,9.40,0.00,9.40,353.40,49.25,0,0,0,0.00,0,F1,2000,,,,,
