TradDt,BizDt,Sgmt,Src,FinInstrmTp,FinInstrmId,ISIN,TckrSymb,SctySrs,XpryDt,FininstrmActlXpryDt,StrkPric,OptnTp,FinInstrmNm,OpnPric,HghPric,LwPric,ClsPric,LastPric,PrvsClsgPric,UndrlygPric,SttlmPric,OpnIntrst,ChngInOpnIntrst,TtlTradgVol,TtlTrfVal,TtlNbOfTxsExctd,SsnId,NewBrdLotQty,Rmks,Rsvd1,Rsvd2,Rsvd3,Rsvd4
2026-03-30,2026-03-30,FO,NSE,STO,169495,,TATASTEEL,,2026-03-30,2026-03-30,221.00,PE,TATASTEEL26MAR221PE,33.00,33.00,33.00,33.00,33.00,25.00,191.85,191.85,60500,-5500,1,1397000.00,1,F1,5500,,,,,
2026-03-30,2026-03-30,FO,NSE,STO,42147,,TATASTEEL,,2026-03-30,2026-03-30,222.00,PE,TATASTEEL26MAR222PE,33.50,33.50,29.00,29.80,29.80,28.57,191.85,191.85,203500,-27500,8,11144595.00,8,F1,5500,,,,,
2026-03-30,2026-03-30,FO,NSE,STO,169497,,TATASTEEL,,2026-03-30,2026-03-30,223.00,PE,TATASTEEL26MAR223PE,0.00,0.00,0.00,30.82,30.82,30.82,191.85,191.85,0,0,0,0.00,0,F1,5500,,,,,
2026-03-30,2026-03-30,FO,NSE,STO,158096,,TATASTEEL,,2026-04-28,2026-04-28,179.00,PE,TATASTEEL26APR179PE,3.55,4.35,3.27,3.52,3.50,3.21,191.85,3.52,49500,27500,30,30144125.00,29,F1,5500,,,,,
2026-03-30,2026-03-30,FO,NSE,STO,158106,,TATASTEEL,,2026-04-28,2026-04-28,189.00,PE,TATASTEEL26APR189PE,7.92,8.02,5.63,6.44,6.47,5.89,191.85,6.44,242000,5500,167,179909620.00,141,F1,5500,,,,,
2026-03-30,2026-03-30,FO,NSE,STO,158110,,TATASTEEL,,2026-04-28,2026-04-28,193.00,PE,TATASTEEL26APR193PE,8.86,9.89,7.22,8.15,8.02,7.60,191.85,8.15,902000,220000,424,469136965.00,347,F1,5500,,,,,
2026-03-30,2026-03-30,FO,NSE,STO,169605,,TATASTEEL,,2026-04-28,2026-04-28,220.00,PE,TATASTEEL26APR220PE,28.00,30.70,26.55,27.96,28.00,26.71,191.85,27.96,1254000,214500,48,65582990.00,40,F1,5500,,,,,
2026-03-30,2026-03-30,FO,NSE,STO,169584,,TATASTEEL,,2026-04-28,2026-04-28,200.00,CE,TATASTEEL26APR200CE,4.33,5.75,3.75,4.74,4.78,5.25,191.85,4.74,10626000,2656500,3359,3784191015.00,2952,F1,5500,,,,,
2026-03-30,2026-03-30,FO,NSE,STO,158299,,TATASTEEL,,2026-04-28,2026-04-28,205.00,CE,TATASTEEL26APR205CE,3.30,3.95,2.59,3.17,3.16,3.56,191.85,3.17,2211000,22000,741,848623490.00,638,F1,5500,,,,,
2026-03-30,2026-03-30,FO,NSE,STO,169473,,TATASTEEL,,2026-03-30,2026-03-30,199.00,PE,TATASTEEL26MAR199PE,8.90,10.36,5.53,6.45,6.45,6.31,191.85,191.85,1155000,-55000,40,45609410.00,38,F1,5500,,,,,
2026-03-30,2026-03-30,FO,NSE,STO,169465,,TATASTEEL,,2026-03-30,2026-03-30,191.00,PE,TATASTEEL26MAR191PE,1.16,2.81,0.01,0.46,0.01,0.80,191.85,191.85,616000,-242000,333,351673245.00,294,F1,5500,,,,,
2026-03-30,2026-03-30,FO,NSE,STO,158787,,TATASTEEL,,2026-05-26,2026-05-26,202.00,CE,TATASTEEL26MAY202CE,0.00,0.00,0.00,19.49,0.00,19.49,191.85,5.84,0,0,0,0.00,0,F1,5500,,,,,
2026-03-30,2026-03-30,FO,NSE,STO,37031,,TATASTEEL,,2026-03-30,2026-03-30,214.00,CE,TATASTEEL26MAR214CE,0.01,0.01,0.01,0.01,0.01,0.01,191.85,191.85,1666500,-55000,12,14124660.00,9,F1,5500,,,,,
2026-03-30,2026-03-30,FO,NSE,STO,40178,,TATASTEEL,,2026-03-30,2026-03-30,177.00,CE,TATASTEEL26MAR177CE,0.00,0.00,0.00,10.66,10.66,10.66,191.85,191.85,33000,0,0,0.00,0,F1,5500,,,,,
2026-03-30,2026-03-30,FO,NSE,STO,161796,,TATASTEEL,,2026-03-30,2026-03-30,158.00,CE,TATASTEEL26MAR158CE,0.00,0.00,0.00,23.57,0.00,23.57,191.85,191.85,0,0,0,0.00,0,F1,5500,,,,,
2026-03-30,2026-03-30,FO,NSE,STO,169582,,TATASTEEL,,2026-04-28,2026-04-28,198.00,CE,TATASTEEL26APR198CE,5.06,6.53,4.57,5.44,5.51,6.01,191.85,5.44,390500,-22000,162,181523980.00,142,F1,5500,,,,,
2026-03-30,2026-03-30,FO,NSE,STO,158818,,TATASTEEL,,2026-05-26,2026-05-26,232.00,PE,TATASTEEL26MAY232PE,0.00,0.00,0.00,26.07,0.00,26.07,191.85,38.91,0,0,0,0.00,0,F1,5500,,,,,
2026-03-30,2026-03-30,FO,NSE,STO,158804,,TATASTEEL,,2026-05-26,2026-05-26,218.00,PE,TATASTEEL26MAY218PE,0.00,0.00,0.00,16.96,0.00,16.96,191.85,26.39,0,0,0,0.00,0,F1,5500,,,,,
2026-03-30,2026-03-30,FO,NSE,STO,158304,,TATASTEEL,,2026-04-28,2026-04-28,207.00,PE,TATASTEEL26APR207PE,0.00,0.00,0.00,9.41,0.00,9.41,191.85,16.20,0,0,0,0.00,0,F1,5500,,,,,
2026-03-30,2026-03-30,FO,NSE,STO,43386,,TATASTEEL,,2026-04-28,2026-04-28,175.00,PE,TATASTEEL26APR175PE,3.38,3.47,2.42,2.76,2.72,2.56,191.85,2.76,1804000,137500,280,273907645.00,220,F1,5500,,,,,
2026-03-30,2026-03-30,FO,NSE,STO,169559,,TATASTEEL,,2026-04-28,2026-04-28,174.00,PE,TATASTEEL26APR174PE,0.00,0.00,0.00,2.33,2.33,2.33,191.85,0.91,82500,0,0,0.00,0,F1,5500,,,,,
2026-03-30,2026-03-30,FO,NSE,STO,47838,,TATASTEEL,,2026-04-28,2026-04-28,163.00,PE,TATASTEEL26APR163PE,0.00,0.00,0.00,1.56,1.56,1.56,191.85,0.15,44000,0,0,0.00,0,F1,5500,,,,,
2026-03-30,2026-03-30,FO,NSE,STO,169545,,TATASTEEL,,2026-04-28,2026-04-28,160.00,PE,TATASTEEL26APR160PE,1.35,1.46,1.11,1.24,1.22,1.12,191.85,1.24,2475000,918500,445,394820415.00,344,F1,5500,,,,,
2026-03-30,2026-03-30,FO,NSE,STO,169503,,TATASTEEL,,2026-03-30,2026-03-30,230.00,PE,TATASTEEL26MAR230PE,39.50,41.00,36.25,38.00,38.00,36.00,191.85,191.85,88000,-22000,8,11833470.00,8,F1,5500,,,,,
2026-03-30,2026-03-30,FO,NSE,STO,161857,,TATASTEEL,,2026-03-30,2026-03-30,224.00,PE,TATASTEEL26MAR224PE,0.00,0.00,0.00,29.28,29.28,29.28,191.85,191.85,126500,0,0,0.00,0,F1,5500,,,,,
2026-03-30,2026-03-30,FO,NSE,STO,169487,,TATASTEEL,,2026-03-30,2026-03-30,213.00,PE,TATASTEEL26MAR213PE,22.68,23.95,22.68,23.95,23.95,18.90,191.85,191.85,1221000,-11000,3,3901315.00,3,F1,5500,,,,,
2026-03-30,2026-03-30,FO,NSE,STO,161841,,TATASTEEL,,2026-03-30,2026-03-30,202.00,PE,TATASTEEL26MAR202PE,10.50,13.07,8.65,8.65,8.65,9.45,191.85,191.85,814000,-44000,21,24575485.00,20,F1,5500,,,,,
2026-03-30,2026-03-30,FO,NSE,STO,169471,,TATASTEEL,,2026-03-30,2026-03-30,197.00,PE,TATASTEEL26MAR197PE,7.21,8.14,3.50,4.39,4.39,4.55,191.85,191.85,2222000,-33000,153,169687155.00,96,F1,5500,,,,,
2026-03-30,2026-03-30,FO,NSE,STO,47804,,TATASTEEL,,2026-03-30,2026-03-30,171.00,PE,TATASTEEL26MAR171PE,0.00,0.00,0.00,0.08,0.08,0.08,191.85,191.85,27500,0,0,0.00,0,F1,5500,,,,,
2026-03-30,2026-03-30,FO,NSE,STO,158791,,TATASTEEL,,2026-05-26,2026-05-26,206.00,CE,TATASTEEL26MAY206CE,0.00,0.00,0.00,17.27,0.00,17.27,191.85,4.61,0,0,0,0.00,0,F1,5500,,,,,
2026-03-30,2026-03-30,FO,NSE,STO,158751,,TATASTEEL,,2026-05-26,2026-05-26,160.00,CE,TATASTEEL26MAY160CE,0.00,0.00,0.00,52.33,0.00,52.33,191.85,33.74,0,0,0,0.00,0,F1,5500,,,,,
2026-03-30,2026-03-30,FO,NSE,STO,169612,,TATASTEEL,,2026-04-28,2026-04-28,228.00,CE,TATASTEEL26APR228CE,0.55,0.60,0.53,0.53,0.53,0.65,191.85,0.17,66000,27500,9,11313995.00,9,F1,5500,,,,,
2026-03-30,2026-03-30,FO,NSE,STO,169600,,TATASTEEL,,2026-04-28,2026-04-28,216.00,CE,TATASTEEL26APR216CE,1.32,1.50,1.13,1.25,1.26,1.41,191.85,1.25,126500,-33000,34,40634055.00,32,F1,5500,,,,,
2026-03-30,2026-03-30,FO,NSE,STO,158191,,TATASTEEL,,2026-04-28,2026-04-28,201.00,CE,TATASTEEL26APR201CE,4.00,5.33,3.73,4.35,4.36,4.88,191.85,4.35,192500,27500,80,90469775.00,76,F1,5500,,,,,
2026-03-30,2026-03-30,FO,NSE,STO,169548,,TATASTEEL,,2026-04-28,2026-04-28,164.00,CE,TATASTEEL26APR164CE,0.00,0.00,0.00,32.85,0.00,32.85,191.85,28.75,0,0,0,0.00,0,F1,5500,,,,,
2026-03-30,2026-03-30,FO,NSE,STO,169541,,TATASTEEL,,2026-04-28,2026-04-28,156.00,PE,TATASTEEL26APR156PE,1.15,1.15,0.96,1.01,1.01,1.26,191.85,1.01,154000,99000,32,27632825.00,31,F1,5500,,,,,
2026-03-30,2026-03-30,FO,NSE,STO,158803,,TATASTEEL,,2026-05-26,2026-05-26,218.00,CE,TATASTEEL26MAY218CE,0.00,0.00,0.00,11.68,0.00,11.68,191.85,2.11,0,0,0,0.00,0,F1,5500,,,,,
2026-03-30,2026-03-30,FO,NSE,STO,158781,,TATASTEEL,,2026-05-26,2026-05-26,196.00,CE,TATASTEEL26MAY196CE,0.00,0.00,0.00,23.16,0.00,23.16,191.85,8.13,0,0,0,0.00,0,F1,5500,,,,,
2026-03-30,2026-03-30,FO,NSE,STO,158469,,TATASTEEL,,2026-04-28,2026-04-28,227.00,CE,TATASTEEL26APR227CE,0.54,0.54,0.54,0.54,0.54,5.93,191.85,0.20,5500,5500,1,1251470.00,1,F1,5500,,,,,
2026-03-30,2026-03-30,FO,NSE,STO,169610,,TATASTEEL,,2026-04-28,2026-04-28,226.00,CE,TATASTEEL26APR226CE,0.70,0.70,0.53,0.55,0.56,0.73,191.85,0.55,110000,27500,9,11215600.00,8,F1,5500,,,,,
2026-03-30,2026-03-30,FO,NSE,STO,169606,,TATASTEEL,,2026-04-28,2026-04-28,222.00,CE,TATASTEEL26APR222CE,0.85,0.96,0.72,0.74,0.77,4.06,191.85,0.74,159500,159500,55,67421090.00,42,F1,5500,,,,,
2026-03-30,2026-03-30,FO,NSE,STO,158459,,TATASTEEL,,2026-04-28,2026-04-28,217.00,CE,TATASTEEL26APR217CE,1.14,1.44,1.03,1.16,1.18,1.29,191.85,1.16,176000,99000,63,75637760.00,51,F1,5500,,,,,
2026-03-30,2026-03-30,FO,NSE,STO,169592,,TATASTEEL,,2026-04-28,2026-04-28,208.00,CE,TATASTEEL26APR208CE,2.52,3.12,2.19,2.50,2.52,2.78,191.85,2.50,49500,27500,39,45179750.00,38,F1,5500,,,,,
2026-03-30,2026-03-30,FO,NSE,STO,161862,,TATASTEEL,,2026-03-30,2026-03-30,236.00,CE,TATASTEEL26MAR236CE,0.01,0.01,0.01,0.01,0.01,0.01,191.85,191.85,1243000,-5500,1,1298055.00,1,F1,5500,,,,,
2026-03-30,2026-03-30,FO,NSE,STO,169498,,TATASTEEL,,2026-03-30,2026-03-30,225.00,CE,TATASTEEL26MAR225CE,0.01,0.01,0.01,0.01,0.01,0.01,191.85,191.85,935000,-137500,27,33413985.00,11,F1,5500,,,,,
2026-03-30,2026-03-30,FO,NSE,STO,169468,,TATASTEEL,,2026-03-30,2026-03-30,195.00,CE,TATASTEEL26MAR195CE,0.20,1.25,0.01,0.02,0.01,0.71,191.85,191.85,2024000,-1507000,2009,2156617210.00,1521,F1,5500,,,,,
2026-03-30,2026-03-30,FO,NSE,STO,169458,,TATASTEEL,,2026-03-30,2026-03-30,185.00,CE,TATASTEEL26MAR185CE,5.84,8.88,3.60,6.55,6.55,7.92,191.85,191.85,1045000,-407000,107,112551835.00,90,F1,5500,,,,,
2026-03-30,2026-03-30,FO,NSE,STO,161820,,TATASTEEL,,2026-03-30,2026-03-30,182.00,CE,TATASTEEL26MAR182CE,0.00,0.00,0.00,12.15,12.15,12.15,191.85,191.85,121000,0,0,0.00,0,F1,5500,,,,,
2026-03-30,2026-03-30,FO,NSE,STO,47801,,TATASTEEL,,2026-03-30,2026-03-30,169.00,CE,TATASTEEL26MAR169CE,0.00,0.00,0.00,28.77,0.00,28.77,191.85,191.85,0,0,0,0.00,0,F1,5500,,,,,
2026-03-30,2026-03-30,FO,NSE,STO,169438,,TATASTEEL,,2026-03-30,2026-03-30,165.00,CE,TATASTEEL26MAR165CE,25.25,28.70,23.57,27.00,27.00,28.35,191.85,191.85,511500,-264000,51,53503175.00,46,F1,5500,,,,,
2026-03-30,2026-03-30,FO,NSE,STO,47797,,TATASTEEL,,2026-03-30,2026-03-30,163.00,CE,TATASTEEL26MAR163CE,0.00,0.00,0.00,34.54,0.00,34.54,191.85,191.85,0,0,0,0.00,0,F1,5500,,,,,
2026-03-30,2026-03-30,FO,NSE,STO,53182,,TATASTEEL,,2026-03-30,2026-03-30,155.00,CE,TATASTEEL26MAR155CE,36.00,36.00,36.00,36.00,36.00,37.50,191.85,191.85,137500,5500,1,1050500.00,1,F1,5500,,,,,
2026-03-30,2026-03-30,FO,NSE,STO,161847,,TATASTEEL,,2026-03-30,2026-03-30,208.00,PE,TATASTEEL26MAR208PE,17.00,19.00,15.12,16.34,16.34,13.83,191.85,191.85,1292500,-49500,14,17301900.00,10,F1,5500,,,,,
2026-03-30,2026-03-30,FO,NSE,STO,158798,,TATASTEEL,,2026-05-26,2026-05-26,212.00,PE,TATASTEEL26MAY212PE,0.00,0.00,0.00,13.66,0.00,13.66,191.85,21.50,0,0,0,0.00,0,F1,5500,,,,,
2026-03-30,2026-03-30,FO,NSE,STO,158772,,TATASTEEL,,2026-05-26,2026-05-26,186.00,PE,TATASTEEL26MAY186PE,0.00,0.00,0.00,3.96,0.00,3.96,191.85,5.83,0,0,0,0.00,0,F1,5500,,,,,
2026-03-30,2026-03-30,FO,NSE,STO,169611,,TATASTEEL,,2026-04-28,2026-04-28,226.00,PE,TATASTEEL26APR226PE,0.00,0.00,0.00,33.62,0.00,33.62,191.85,33.39,0,0,0,0.00,0,F1,5500,,,,,
2026-03-30,2026-03-30,FO,NSE,STO,169603,,TATASTEEL,,2026-04-28,2026-04-28,218.00,PE,TATASTEEL26APR218PE,0.00,0.00,0.00,27.26,0.00,27.26,191.85,25.80,0,0,0,0.00,0,F1,5500,,,,,
2026-03-30,2026-03-30,FO,NSE,STO,169587,,TATASTEEL,,2026-04-28,2026-04-28,202.00,PE,TATASTEEL26APR202PE,12.90,12.90,12.90,12.90,12.90,12.42,191.85,12.38,77000,5500,1,1181950.00,1,F1,5500,,,,,
2026-03-30,2026-03-30,FO,NSE,STO,158186,,TATASTEEL,,2026-04-28,2026-04-28,195.00,PE,TATASTEEL26APR195PE,9.99,11.15,8.02,9.15,9.20,8.50,191.85,9.15,2546500,-49500,466,523986320.00,403,F1,5500,,,,,
2026-03-30,2026-03-30,FO,NSE,STO,169577,,TATASTEEL,,2026-04-28,2026-04-28,192.00,PE,TATASTEEL26APR192PE,7.94,9.45,6.83,7.68,7.58,7.13,191.85,7.68,599500,176000,414,455024350.00,362,F1,5500,,,,,
2026-03-30,2026-03-30,FO,NSE,STO,158100,,TATASTEEL,,2026-04-28,2026-04-28,183.00,PE,TATASTEEL26APR183PE,4.41,5.12,4.30,4.30,4.30,3.84,191.85,2.73,49500,38500,14,14444980.00,14,F1,5500,,,,,
2026-03-30,2026-03-30,FO,NSE,STO,169557,,TATASTEEL,,2026-04-28,2026-04-28,172.00,PE,TATASTEEL26APR172PE,2.43,2.43,2.12,2.38,2.38,2.15,191.85,0.69,27500,5500,11,10548505.00,10,F1,5500,,,,,
2026-03-30,2026-03-30,FO,NSE,STO,47870,,TATASTEEL,,2026-04-28,2026-04-28,171.00,PE,TATASTEEL26APR171PE,2.25,2.63,2.07,2.19,2.19,2.08,191.85,2.19,33000,-5500,14,13347730.00,14,F1,5500,,,,,
2026-03-30,2026-03-30,FO,NSE,STO,169555,,TATASTEEL,,2026-04-28,2026-04-28,170.00,PE,TATASTEEL26APR170PE,2.10,2.55,1.85,2.11,2.08,1.94,191.85,2.11,2084500,181500,516,488610320.00,432,F1,5500,,,,,
2026-03-30,2026-03-30,FO,NSE,STO,47840,,TATASTEEL,,2026-04-28,2026-04-28,165.00,PE,TATASTEEL26APR165PE,1.75,1.96,1.44,1.59,1.58,1.45,191.85,1.59,1023000,456500,236,216317530.00,185,F1,5500,,,,,
2026-03-30,2026-03-30,FO,NSE,STO,169467,,TATASTEEL,,2026-03-30,2026-03-30,193.00,PE,TATASTEEL26MAR193PE,1.80,4.60,0.64,2.03,1.90,1.59,191.85,191.85,753500,-209000,384,412395500.00,363,F1,5500,,,,,
2026-03-30,2026-03-30,FO,NSE,STO,161835,,TATASTEEL,,2026-03-30,2026-03-30,196.00,PE,TATASTEEL26MAR196PE,5.92,7.10,2.60,4.43,4.43,3.72,191.85,191.85,599500,-38500,99,109105205.00,76,F1,5500,,,,,
2026-03-30,2026-03-30,FO,NSE,STO,53199,,TATASTEEL,,2026-04-28,2026-04-28,155.00,PE,TATASTEEL26APR155PE,0.95,1.07,0.82,0.93,0.91,0.82,191.85,0.93,1463000,517000,198,169826690.00,151,F1,5500,,,,,
2026-03-30,2026-03-30,FO,NSE,STO,158474,,TATASTEEL,,2026-04-28,2026-04-28,227.00,PE,TATASTEEL26APR227PE,0.00,0.00,0.00,21.21,0.00,21.21,191.85,34.36,0,0,0,0.00,0,F1,5500,,,,,
2026-03-30,2026-03-30,FO,NSE,STO,169613,,TATASTEEL,,2026-04-28,2026-04-28,228.00,PE,TATASTEEL26APR228PE,0.00,0.00,0.00,35.28,0.00,35.28,191.85,35.33,0,0,0,0.00,0,F1,5500,,,,,
2026-03-30,2026-03-30,FO,NSE,STO,169615,,TATASTEEL,,2026-04-28,2026-04-28,232.00,PE,TATASTEEL26APR232PE,0.00,0.00,0.00,38.68,0.00,38.68,191.85,39.24,0,0,0,0.00,0,F1,5500,,,,,
2026-03-30,2026-03-30,FO,NSE,STO,169599,,TATASTEEL,,2026-04-28,2026-04-28,214.00,PE,TATASTEEL26APR214PE,24.00,24.00,21.32,21.94,21.94,24.26,191.85,22.16,104500,104500,21,27241335.00,21,F1,5500,,,,,
2026-03-30,2026-03-30,FO,NSE,STO,161810,,TATASTEEL,,2026-03-30,2026-03-30,172.00,CE,TATASTEEL26MAR172CE,0.00,0.00,0.00,24.00,24.00,24.00,191.85,191.85,5500,0,0,0.00,0,F1,5500,,,,,
2026-03-30,2026-03-30,FO,NSE,STO,161816,,TATASTEEL,,2026-03-30,2026-03-30,178.00,CE,TATASTEEL26MAR178CE,12.20,12.20,12.20,12.20,12.20,15.50,191.85,191.85,66000,0,1,1046100.00,1,F1,5500,,,,,
2026-03-30,2026-03-30,FO,NSE,STO,169454,,TATASTEEL,,2026-03-30,2026-03-30,181.00,CE,TATASTEEL26MAR181CE,0.00,0.00,0.00,12.57,12.57,12.57,191.85,191.85,115500,0,0,0.00,0,F1,5500,,,,,
2026-03-30,2026-03-30,FO,NSE,STO,169462,,TATASTEEL,,2026-03-30,2026-03-30,189.00,CE,TATASTEEL26MAR189CE,1.08,4.66,0.57,2.43,2.44,3.83,191.85,191.85,830500,-104500,159,166894310.00,155,F1,5500,,,,,
2026-03-30,2026-03-30,FO,NSE,STO,161832,,TATASTEEL,,2026-03-30,2026-03-30,194.00,CE,TATASTEEL26MAR194CE,0.05,0.99,0.01,0.07,0.01,0.97,191.85,191.85,792000,-220000,763,815346950.00,648,F1,5500,,,,,
2026-03-30,2026-03-30,FO,NSE,STO,161842,,TATASTEEL,,2026-03-30,2026-03-30,204.00,CE,TATASTEEL26MAR204CE,0.01,0.04,0.01,0.01,0.01,0.05,191.85,191.85,616000,115500,105,117821990.00,64,F1,5500,,,,,
2026-03-30,2026-03-30,FO,NSE,STO,169494,,TATASTEEL,,2026-03-30,2026-03-30,221.00,CE,TATASTEEL26MAR221CE,0.00,0.00,0.00,0.01,0.01,0.01,191.85,191.85,489500,0,0,0.00,0,F1,5500,,,,,
2026-03-30,2026-03-30,FO,NSE,STO,161856,,TATASTEEL,,2026-03-30,2026-03-30,224.00,CE,TATASTEEL26MAR224CE,0.01,0.01,0.01,0.01,0.01,0.01,191.85,191.85,665500,-22000,4,4928220.00,3,F1,5500,,,,,
2026-03-30,2026-03-30,FO,NSE,STO,50171,,TATASTEEL,,2026-03-30,2026-03-30,226.00,CE,TATASTEEL26MAR226CE,0.01,0.01,0.01,0.01,0.01,0.01,191.85,191.85,539000,-16500,4,4972220.00,4,F1,5500,,,,,
2026-03-30,2026-03-30,FO,NSE,STO,169542,,TATASTEEL,,2026-04-28,2026-04-28,158.00,CE,TATASTEEL26APR158CE,0.00,0.00,0.00,37.96,0.00,37.96,191.85,34.59,0,0,0,0.00,0,F1,5500,,,,,
2026-03-30,2026-03-30,FO,NSE,STO,169560,,TATASTEEL,,2026-04-28,2026-04-28,176.00,CE,TATASTEEL26APR176CE,0.00,0.00,0.00,23.65,0.00,23.65,191.85,17.81,0,0,0,0.00,0,F1,5500,,,,,
2026-03-30,2026-03-30,FO,NSE,STO,169576,,TATASTEEL,,2026-04-28,2026-04-28,192.00,CE,TATASTEEL26APR192CE,7.56,9.63,7.00,8.31,8.34,9.03,191.85,8.31,308000,220000,281,309804880.00,257,F1,5500,,,,,
2026-03-30,2026-03-30,FO,NSE,STO,158189,,TATASTEEL,,2026-04-28,2026-04-28,199.00,CE,TATASTEEL26APR199CE,5.31,6.14,4.26,5.10,5.13,5.64,191.85,5.10,253000,27500,53,59572810.00,53,F1,5500,,,,,
2026-03-30,2026-03-30,FO,NSE,STO,169588,,TATASTEEL,,2026-04-28,2026-04-28,204.00,CE,TATASTEEL26APR204CE,3.53,4.15,2.94,3.44,3.44,3.86,191.85,3.44,88000,11000,61,69631430.00,57,F1,5500,,,,,
2026-03-30,2026-03-30,FO,NSE,STO,158303,,TATASTEEL,,2026-04-28,2026-04-28,207.00,CE,TATASTEEL26APR207CE,2.71,3.26,2.38,2.65,2.65,3.05,191.85,1.95,115500,11000,33,38087280.00,32,F1,5500,,,,,
2026-03-30,2026-03-30,FO,NSE,STO,158455,,TATASTEEL,,2026-04-28,2026-04-28,213.00,CE,TATASTEEL26APR213CE,1.67,2.07,1.40,1.60,1.61,1.84,191.85,1.60,253000,-33000,67,79109085.00,66,F1,5500,,,,,
2026-03-30,2026-03-30,FO,NSE,STO,169602,,TATASTEEL,,2026-04-28,2026-04-28,218.00,CE,TATASTEEL26APR218CE,1.07,1.36,0.96,1.07,1.09,1.22,191.85,1.07,148500,110000,62,74725530.00,52,F1,5500,,,,,
2026-03-30,2026-03-30,FO,NSE,STO,158753,,TATASTEEL,,2026-05-26,2026-05-26,164.00,CE,TATASTEEL26MAY164CE,0.00,0.00,0.00,48.64,0.00,48.64,191.85,30.09,0,0,0,0.00,0,F1,5500,,,,,
2026-03-30,2026-03-30,FO,NSE,STO,158807,,TATASTEEL,,2026-05-26,2026-05-26,222.00,CE,TATASTEEL26MAY222CE,0.00,0.00,0.00,10.15,0.00,10.15,191.85,1.59,0,0,0,0.00,0,F1,5500,,,,,
2026-03-30,2026-03-30,FO,NSE,STO,158809,,TATASTEEL,,2026-05-26,2026-05-26,224.00,CE,TATASTEEL26MAY224CE,0.00,0.00,0.00,9.45,0.00,9.45,191.85,1.37,0,0,0,0.00,0,F1,5500,,,,,
2026-03-30,2026-03-30,FO,NSE,STO,158821,,TATASTEEL,,2026-05-26,2026-05-26,236.00,CE,TATASTEEL26MAY236CE,0.00,0.00,0.00,6.02,0.00,6.02,191.85,0.54,0,0,0,0.00,0,F1,5500,,,,,
2026-03-30,2026-03-30,FO,NSE,STO,161813,,TATASTEEL,,2026-03-30,2026-03-30,174.00,PE,TATASTEEL26MAR174PE,0.02,0.02,0.02,0.02,0.02,0.05,191.85,191.85,154000,-5500,1,957110.00,1,F1,5500,,,,,
2026-03-30,2026-03-30,FO,NSE,STO,161817,,TATASTEEL,,2026-03-30,2026-03-30,178.00,PE,TATASTEEL26MAR178PE,0.05,0.08,0.01,0.01,0.01,0.08,191.85,191.85,390500,-27500,69,67564145.00,58,F1,5500,,,,,
2026-03-30,2026-03-30,FO,NSE,STO,161823,,TATASTEEL,,2026-03-30,2026-03-30,184.00,PE,TATASTEEL26MAR184PE,0.10,0.15,0.01,0.01,0.01,0.14,191.85,191.85,924000,-330000,104,105283420.00,81,F1,5500,,,,,
2026-03-30,2026-03-30,FO,NSE,STO,161827,,TATASTEEL,,2026-03-30,2026-03-30,188.00,PE,TATASTEEL26MAR188PE,0.35,0.82,0.01,0.01,0.01,0.29,191.85,191.85,1017500,-665500,745,771295305.00,619,F1,5500,,,,,
2026-03-30,2026-03-30,FO,NSE,STO,161831,,TATASTEEL,,2026-03-30,2026-03-30,192.00,PE,TATASTEEL26MAR192PE,2.49,3.72,0.39,0.99,1.00,1.06,191.85,191.85,1155000,-390500,664,706256485.00,598,F1,5500,,,,,
2026-03-30,2026-03-30,FO,NSE,STO,161839,,TATASTEEL,,2026-03-30,2026-03-30,200.00,PE,TATASTEEL26MAR200PE,9.85,11.75,6.78,8.52,8.60,7.38,191.85,191.85,2640000,-995500,277,318669945.00,201,F1,5500,,,,,
2026-03-30,2026-03-30,FO,NSE,STO,169479,,TATASTEEL,,2026-03-30,2026-03-30,205.00,PE,TATASTEEL26MAR205PE,14.00,16.10,11.99,13.64,13.64,12.08,191.85,191.85,2051500,-814000,305,367389165.00,237,F1,5500,,,,,
2026-03-30,2026-03-30,FO,NSE,STO,169485,,TATASTEEL,,2026-03-30,2026-03-30,211.00,PE,TATASTEEL26MAR211PE,21.40,21.40,18.00,20.58,20.58,15.87,191.85,191.85,363000,-16500,4,5081890.00,4,F1,5500,,,,,
2026-03-30,2026-03-30,FO,NSE,STO,169549,,TATASTEEL,,2026-04-28,2026-04-28,164.00,PE,TATASTEEL26APR164PE,1.47,1.47,1.47,1.47,1.47,1.13,191.85,0.18,49500,5500,1,910085.00,1,F1,5500,,,,,
2026-03-30,2026-03-30,FO,NSE,STO,158104,,TATASTEEL,,2026-04-28,2026-04-28,187.00,PE,TATASTEEL26APR187PE,6.24,7.04,5.01,5.69,5.69,5.24,191.85,5.69,148500,16500,26,27568145.00,26,F1,5500,,,,,
2026-03-30,2026-03-30,FO,NSE,STO,169589,,TATASTEEL,,2026-04-28,2026-04-28,204.00,PE,TATASTEEL26APR204PE,0.00,0.00,0.00,11.33,11.33,11.33,191.85,13.86,33000,0,0,0.00,0,F1,5500,,,,,
2026-03-30,2026-03-30,FO,NSE,STO,158456,,TATASTEEL,,2026-04-28,2026-04-28,213.00,PE,TATASTEEL26APR213PE,0.00,0.00,0.00,12.41,0.00,12.41,191.85,21.28,0,0,0,0.00,0,F1,5500,,,,,
2026-03-30,2026-03-30,FO,NSE,STO,158464,,TATASTEEL,,2026-04-28,2026-04-28,221.00,PE,TATASTEEL26APR221PE,0.00,0.00,0.00,17.15,0.00,17.15,191.85,28.61,0,0,0,0.00,0,F1,5500,,,,,
2026-03-30,2026-03-30,FO,NSE,STO,47911,,TATASTEEL,,2026-05-26,2026-05-26,174.00,PE,TATASTEEL26MAY174PE,0.00,0.00,0.00,3.45,0.00,3.45,191.85,2.30,0,0,0,0.00,0,F1,5500,,,,,
2026-03-30,2026-03-30,FO,NSE,STO,158376,,TATASTEEL,,2026-04-28,2026-04-28,209.00,PE,TATASTEEL26APR209PE,0.00,0.00,0.00,14.65,14.65,14.65,191.85,17.84,11000,0,0,0.00,0,F1,5500,,,,,
2026-03-30,2026-03-30,FO,NSE,STO,169561,,TATASTEEL,,2026-04-28,2026-04-28,176.00,PE,TATASTEEL26APR176PE,3.05,3.20,2.58,2.97,2.97,2.05,191.85,2.97,247500,38500,42,41332665.00,28,F1,5500,,,,,
2026-03-30,2026-03-30,FO,NSE,STO,169499,,TATASTEEL,,2026-03-30,2026-03-30,225.00,PE,TATASTEEL26MAR225PE,37.14,37.14,37.14,37.14,37.14,31.30,191.85,191.85,99000,0,1,1441770.00,1,F1,5500,,,,,
2026-03-30,2026-03-30,FO,NSE,STO,169489,,TATASTEEL,,2026-03-30,2026-03-30,215.00,PE,TATASTEEL26MAR215PE,25.96,26.60,21.35,23.78,23.79,21.09,191.85,191.85,1870000,-55000,54,70872065.00,47,F1,5500,,,,,
2026-03-30,2026-03-30,FO,NSE,STO,161837,,TATASTEEL,,2026-03-30,2026-03-30,198.00,PE,TATASTEEL26MAR198PE,6.52,9.00,4.49,6.31,6.31,5.53,191.85,191.85,929500,-77000,46,51722990.00,41,F1,5500,,,,,
2026-03-30,2026-03-30,FO,NSE,STO,161825,,TATASTEEL,,2026-03-30,2026-03-30,186.00,PE,TATASTEEL26MAR186PE,0.40,0.40,0.01,0.01,0.01,0.25,191.85,191.85,385000,-137500,221,226242665.00,201,F1,5500,,,,,
2026-03-30,2026-03-30,FO,NSE,STO,169455,,TATASTEEL,,2026-03-30,2026-03-30,181.00,PE,TATASTEEL26MAR181PE,0.05,0.05,0.01,0.01,0.01,0.14,191.85,191.85,88000,16500,12,11947265.00,7,F1,5500,,,,,
2026-03-30,2026-03-30,FO,NSE,STO,161815,,TATASTEEL,,2026-03-30,2026-03-30,176.00,PE,TATASTEEL26MAR176PE,0.01,0.01,0.01,0.01,0.01,0.05,191.85,191.85,66000,0,1,968055.00,1,F1,5500,,,,,
2026-03-30,2026-03-30,FO,NSE,STO,161799,,TATASTEEL,,2026-03-30,2026-03-30,160.00,PE,TATASTEEL26MAR160PE,0.01,0.02,0.01,0.01,0.01,0.01,191.85,191.85,462000,-192500,51,44883245.00,36,F1,5500,,,,,
2026-03-30,2026-03-30,FO,NSE,STO,158755,,TATASTEEL,,2026-05-26,2026-05-26,168.00,CE,TATASTEEL26MAY168CE,0.00,0.00,0.00,45.03,0.00,45.03,191.85,26.58,0,0,0,0.00,0,F1,5500,,,,,
2026-03-30,2026-03-30,FO,NSE,STO,47903,,TATASTEEL,,2026-05-26,2026-05-26,166.00,CE,TATASTEEL26MAY166CE,0.00,0.00,0.00,35.24,0.00,35.24,191.85,28.32,0,0,0,0.00,0,F1,5500,,,,,
2026-03-30,2026-03-30,FO,NSE,STO,158457,,TATASTEEL,,2026-04-28,2026-04-28,215.00,CE,TATASTEEL26APR215CE,1.15,1.77,1.05,1.36,1.40,1.54,191.85,1.36,1259500,247500,477,567795580.00,393,F1,5500,,,,,
2026-03-30,2026-03-30,FO,NSE,STO,169564,,TATASTEEL,,2026-04-28,2026-04-28,180.00,CE,TATASTEEL26APR180CE,16.40,17.75,14.26,16.24,16.01,17.41,191.85,16.24,1127500,121000,71,76582330.00,59,F1,5500,,,,,
2026-03-30,2026-03-30,FO,NSE,STO,169562,,TATASTEEL,,2026-04-28,2026-04-28,178.00,CE,TATASTEEL26APR178CE,0.00,0.00,0.00,22.26,0.00,22.26,191.85,16.17,0,0,0,0.00,0,F1,5500,,,,,
2026-03-30,2026-03-30,FO,NSE,STO,53200,,TATASTEEL,,2026-04-28,2026-04-28,157.00,CE,TATASTEEL26APR157CE,0.00,0.00,0.00,36.01,0.00,36.01,191.85,35.58,0,0,0,0.00,0,F1,5500,,,,,
2026-03-30,2026-03-30,FO,NSE,STO,53196,,TATASTEEL,,2026-04-28,2026-04-28,155.00,CE,TATASTEEL26APR155CE,38.17,38.17,35.37,36.50,36.50,39.55,191.85,37.55,38500,27500,6,6314330.00,6,F1,5500,,,,,
2026-03-30,2026-03-30,FO,NSE,STO,38429,,TATASTEEL,,2026-03-30,2026-03-30,218.00,CE,TATASTEEL26MAR218CE,0.01,0.01,0.01,0.01,0.01,0.02,191.85,191.85,847000,-55000,23,27578265.00,17,F1,5500,,,,,
2026-03-30,2026-03-30,FO,NSE,STO,169486,,TATASTEEL,,2026-03-30,2026-03-30,213.00,CE,TATASTEEL26MAR213CE,0.01,0.02,0.01,0.01,0.01,0.02,191.85,191.85,1116500,-121000,54,63264575.00,44,F1,5500,,,,,
2026-03-30,2026-03-30,FO,NSE,STO,169476,,TATASTEEL,,2026-03-30,2026-03-30,203.00,CE,TATASTEEL26MAR203CE,0.02,0.04,0.01,0.01,0.01,0.06,191.85,191.85,517000,-121000,96,107194890.00,81,F1,5500,,,,,
2026-03-30,2026-03-30,FO,NSE,STO,169464,,TATASTEEL,,2026-03-30,2026-03-30,191.00,CE,TATASTEEL26MAR191CE,0.36,2.79,0.05,0.67,0.05,2.62,191.85,191.85,808500,93500,473,499275535.00,404,F1,5500,,,,,
2026-03-30,2026-03-30,FO,NSE,STO,161828,,TATASTEEL,,2026-03-30,2026-03-30,190.00,CE,TATASTEEL26MAR190CE,3.10,3.90,0.02,1.56,1.31,3.24,191.85,191.85,1919500,-1815000,1969,2070418295.00,1805,F1,5500,,,,,
2026-03-30,2026-03-30,FO,NSE,STO,169456,,TATASTEEL,,2026-03-30,2026-03-30,183.00,CE,TATASTEEL26MAR183CE,0.00,0.00,0.00,10.85,10.85,10.85,191.85,191.85,330000,0,0,0.00,0,F1,5500,,,,,
2026-03-30,2026-03-30,FO,NSE,STO,161814,,TATASTEEL,,2026-03-30,2026-03-30,176.00,CE,TATASTEEL26MAR176CE,0.00,0.00,0.00,10.89,11.60,10.89,191.85,191.85,16500,0,0,0.00,0,F1,5500,,,,,
2026-03-30,2026-03-30,FO,NSE,STO,169448,,TATASTEEL,,2026-03-30,2026-03-30,175.00,CE,TATASTEEL26MAR175CE,16.00,18.00,13.56,16.64,16.64,19.60,191.85,191.85,126500,-77000,27,28393255.00,25,F1,5500,,,,,
2026-03-30,2026-03-30,FO,NSE,STO,47803,,TATASTEEL,,2026-03-30,2026-03-30,171.00,CE,TATASTEEL26MAR171CE,0.00,0.00,0.00,26.90,0.00,26.90,191.85,191.85,0,0,0,0.00,0,F1,5500,,,,,
2026-03-30,2026-03-30,FO,NSE,STO,161806,,TATASTEEL,,2026-03-30,2026-03-30,168.00,CE,TATASTEEL26MAR168CE,0.00,0.00,0.00,22.64,22.64,22.64,191.85,191.85,11000,0,0,0.00,0,F1,5500,,,,,
2026-03-30,2026-03-30,FO,NSE,STO,161804,,TATASTEEL,,2026-03-30,2026-03-30,166.00,CE,TATASTEEL26MAR166CE,0.00,0.00,0.00,18.06,0.00,18.06,191.85,191.85,0,0,0,0.00,0,F1,5500,,,,,
2026-03-30,2026-03-30,FO,NSE,STO,161802,,TATASTEEL,,2026-03-30,2026-03-30,164.00,CE,TATASTEEL26MAR164CE,0.00,0.00,0.00,19.36,0.00,19.36,191.85,191.85,0,0,0,0.00,0,F1,5500,,,,,
2026-03-30,2026-03-30,FO,NSE,STO,158826,,TATASTEEL,,2026-05-26,2026-05-26,240.00,PE,TATASTEEL26MAY240PE,0.00,0.00,0.00,32.06,0.00,32.06,191.85,46.48,0,0,0,0.00,0,F1,5500,,,,,
2026-03-30,2026-03-30,FO,NSE,STO,158796,,TATASTEEL,,2026-05-26,2026-05-26,210.00,PE,TATASTEEL26MAY210PE,0.00,0.00,0.00,12.64,0.00,12.64,191.85,19.95,0,0,0,0.00,0,F1,5500,,,,,
2026-03-30,2026-03-30,FO,NSE,STO,169604,,TATASTEEL,,2026-04-28,2026-04-28,220.00,CE,TATASTEEL26APR220CE,1.02,1.21,0.72,0.91,0.93,1.02,191.85,0.91,3674000,693000,732,889607455.00,615,F1,5500,,,,,
2026-03-30,2026-03-30,FO,NSE,STO,169572,,TATASTEEL,,2026-04-28,2026-04-28,188.00,CE,TATASTEEL26APR188CE,9.45,11.85,9.05,11.20,11.20,11.58,191.85,9.12,231000,-5500,31,33865205.00,31,F1,5500,,,,,
2026-03-30,2026-03-30,FO,NSE,STO,158097,,TATASTEEL,,2026-04-28,2026-04-28,181.00,CE,TATASTEEL26APR181CE,0.00,0.00,0.00,31.99,0.00,31.99,191.85,13.83,0,0,0,0.00,0,F1,5500,,,,,
2026-03-30,2026-03-30,FO,NSE,STO,169558,,TATASTEEL,,2026-04-28,2026-04-28,174.00,CE,TATASTEEL26APR174CE,0.00,0.00,0.00,25.07,0.00,25.07,191.85,19.52,0,0,0,0.00,0,F1,5500,,,,,
2026-03-30,2026-03-30,FO,NSE,STO,47871,,TATASTEEL,,2026-04-28,2026-04-28,173.00,CE,TATASTEEL26APR173CE,0.00,0.00,0.00,27.45,0.00,27.45,191.85,20.40,0,0,0,0.00,0,F1,5500,,,,,
2026-03-30,2026-03-30,FO,NSE,STO,169552,,TATASTEEL,,2026-04-28,2026-04-28,168.00,CE,TATASTEEL26APR168CE,0.00,0.00,0.00,29.61,0.00,29.61,191.85,24.95,0,0,0,0.00,0,F1,5500,,,,,
2026-03-30,2026-03-30,FO,NSE,STO,47835,,TATASTEEL,,2026-04-28,2026-04-28,163.00,CE,TATASTEEL26APR163CE,0.00,0.00,0.00,36.14,0.00,36.14,191.85,29.71,0,0,0,0.00,0,F1,5500,,,,,
2026-03-30,2026-03-30,FO,NSE,STO,169506,,TATASTEEL,,2026-03-30,2026-03-30,238.00,CE,TATASTEEL26MAR238CE,0.01,0.01,0.01,0.01,0.01,0.01,191.85,191.85,1111000,-16500,3,3927165.00,2,F1,5500,,,,,
2026-03-30,2026-03-30,FO,NSE,STO,169504,,TATASTEEL,,2026-03-30,2026-03-30,234.00,CE,TATASTEEL26MAR234CE,0.01,0.01,0.01,0.01,0.01,0.01,191.85,191.85,1419000,-121000,22,28315210.00,8,F1,5500,,,,,
2026-03-30,2026-03-30,FO,NSE,STO,169488,,TATASTEEL,,2026-03-30,2026-03-30,215.00,CE,TATASTEEL26MAR215CE,0.02,0.02,0.01,0.01,0.01,0.02,191.85,191.85,6017000,-1413500,324,383149415.00,176,F1,5500,,,,,
2026-03-30,2026-03-30,FO,NSE,STO,161848,,TATASTEEL,,2026-03-30,2026-03-30,210.00,CE,TATASTEEL26MAR210CE,0.02,0.03,0.01,0.01,0.01,0.03,191.85,191.85,15367000,5252500,2115,2443019590.00,596,F1,5500,,,,,
2026-03-30,2026-03-30,FO,NSE,STO,161818,,TATASTEEL,,2026-03-30,2026-03-30,180.00,CE,TATASTEEL26MAR180CE,7.93,12.65,7.93,11.64,11.73,12.76,191.85,191.85,1050500,-148500,48,50408600.00,42,F1,5500,,,,,
2026-03-30,2026-03-30,FO,NSE,STO,47806,,TATASTEEL,,2026-03-30,2026-03-30,173.00,CE,TATASTEEL26MAR173CE,0.00,0.00,0.00,20.95,20.95,20.95,191.85,191.85,16500,0,0,0.00,0,F1,5500,,,,,
2026-03-30,2026-03-30,FO,NSE,STO,158808,,TATASTEEL,,2026-05-26,2026-05-26,222.00,PE,TATASTEEL26MAY222PE,0.00,0.00,0.00,19.37,0.00,19.37,191.85,29.84,0,0,0,0.00,0,F1,5500,,,,,
2026-03-30,2026-03-30,FO,NSE,STO,47909,,TATASTEEL,,2026-05-26,2026-05-26,170.00,PE,TATASTEEL26MAY170PE,0.00,0.00,0.00,2.64,0.00,2.64,191.85,1.58,0,0,0,0.00,0,F1,5500,,,,,
2026-03-30,2026-03-30,FO,NSE,STO,158754,,TATASTEEL,,2026-05-26,2026-05-26,164.00,PE,TATASTEEL26MAY164PE,0.00,0.00,0.00,0.81,0.00,0.81,191.85,0.84,0,0,0,0.00,0,F1,5500,,,,,
2026-03-30,2026-03-30,FO,NSE,STO,169619,,TATASTEEL,,2026-04-28,2026-04-28,240.00,PE,TATASTEEL26APR240PE,0.00,0.00,0.00,45.20,45.20,45.20,191.85,47.14,16500,0,0,0.00,0,F1,5500,,,,,
2026-03-30,2026-03-30,FO,NSE,STO,169617,,TATASTEEL,,2026-04-28,2026-04-28,236.00,PE,TATASTEEL26APR236PE,0.00,0.00,0.00,42.16,0.00,42.16,191.85,43.18,0,0,0,0.00,0,F1,5500,,,,,
2026-03-30,2026-03-30,FO,NSE,STO,158466,,TATASTEEL,,2026-04-28,2026-04-28,223.00,PE,TATASTEEL26APR223PE,0.00,0.00,0.00,18.46,0.00,18.46,191.85,30.51,0,0,0,0.00,0,F1,5500,,,,,
2026-03-30,2026-03-30,FO,NSE,STO,158462,,TATASTEEL,,2026-04-28,2026-04-28,219.00,PE,TATASTEEL26APR219PE,0.00,0.00,0.00,15.89,0.00,15.89,191.85,26.73,0,0,0,0.00,0,F1,5500,,,,,
2026-03-30,2026-03-30,FO,NSE,STO,158454,,TATASTEEL,,2026-04-28,2026-04-28,211.00,PE,TATASTEEL26APR211PE,0.00,0.00,0.00,16.86,16.86,16.86,191.85,19.54,5500,0,0,0.00,0,F1,5500,,,,,
2026-03-30,2026-03-30,FO,NSE,STO,169593,,TATASTEEL,,2026-04-28,2026-04-28,208.00,PE,TATASTEEL26APR208PE,0.00,0.00,0.00,16.50,16.50,16.50,191.85,17.01,38500,0,0,0.00,0,F1,5500,,,,,
2026-03-30,2026-03-30,FO,NSE,STO,169583,,TATASTEEL,,2026-04-28,2026-04-28,198.00,PE,TATASTEEL26APR198PE,11.84,11.84,11.84,11.84,11.84,9.65,191.85,9.67,170500,-5500,1,1154120.00,1,F1,5500,,,,,
2026-03-30,2026-03-30,FO,NSE,STO,158188,,TATASTEEL,,2026-04-28,2026-04-28,197.00,PE,TATASTEEL26APR197PE,10.37,10.66,9.25,10.41,10.41,9.54,191.85,10.41,588500,44000,21,23893265.00,21,F1,5500,,,,,
2026-03-30,2026-03-30,FO,NSE,STO,169571,,TATASTEEL,,2026-04-28,2026-04-28,186.00,PE,TATASTEEL26APR186PE,5.80,6.74,4.91,5.32,5.32,5.02,191.85,5.32,506000,33000,27,28466570.00,26,F1,5500,,,,,
2026-03-30,2026-03-30,FO,NSE,STO,169553,,TATASTEEL,,2026-04-28,2026-04-28,168.00,PE,TATASTEEL26APR168PE,1.91,2.15,1.72,1.83,1.83,1.69,191.85,1.83,60500,11000,33,30839490.00,28,F1,5500,,,,,
2026-03-30,2026-03-30,FO,NSE,STO,53201,,TATASTEEL,,2026-04-28,2026-04-28,157.00,PE,TATASTEEL26APR157PE,1.08,1.08,1.08,1.08,1.08,0.54,191.85,0.04,5500,5500,1,869440.00,1,F1,5500,,,,,
2026-03-30,2026-03-30,FO,NSE,STO,161865,,TATASTEEL,,2026-03-30,2026-03-30,240.00,PE,TATASTEEL26MAR240PE,0.00,0.00,0.00,61.06,0.00,61.06,191.85,191.85,0,0,0,0.00,0,F1,5500,,,,,
2026-03-30,2026-03-30,FO,NSE,STO,38430,,TATASTEEL,,2026-03-30,2026-03-30,218.00,PE,TATASTEEL26MAR218PE,28.10,28.10,28.10,28.10,28.10,23.50,191.85,191.85,440000,0,1,1353550.00,1,F1,5500,,,,,
2026-03-30,2026-03-30,FO,NSE,STO,161851,,TATASTEEL,,2026-03-30,2026-03-30,212.00,PE,TATASTEEL26MAR212PE,21.77,21.77,19.16,19.16,19.16,19.30,191.85,191.85,390500,-82500,24,30731470.00,13,F1,5500,,,,,
2026-03-30,2026-03-30,FO,NSE,STO,169457,,TATASTEEL,,2026-03-30,2026-03-30,183.00,PE,TATASTEEL26MAR183PE,0.09,0.15,0.01,0.03,0.03,0.13,191.85,191.85,572000,-104500,208,209431475.00,180,F1,5500,,,,,
2026-03-30,2026-03-30,FO,NSE,STO,161821,,TATASTEEL,,2026-03-30,2026-03-30,182.00,PE,TATASTEEL26MAR182PE,0.14,0.15,0.01,0.01,0.01,0.13,191.85,191.85,572000,-77000,69,69095840.00,67,F1,5500,,,,,
2026-03-30,2026-03-30,FO,NSE,STO,47798,,TATASTEEL,,2026-03-30,2026-03-30,163.00,PE,TATASTEEL26MAR163PE,0.00,0.00,0.00,0.12,0.00,0.12,191.85,191.85,0,0,0,0.00,0,F1,5500,,,,,
2026-03-30,2026-03-30,FO,NSE,STO,158789,,TATASTEEL,,2026-05-26,2026-05-26,204.00,CE,TATASTEEL26MAY204CE,0.00,0.00,0.00,18.36,0.00,18.36,191.85,5.19,0,0,0,0.00,0,F1,5500,,,,,
2026-03-30,2026-03-30,FO,NSE,STO,158777,,TATASTEEL,,2026-05-26,2026-05-26,192.00,CE,TATASTEEL26MAY192CE,0.00,0.00,0.00,25.84,0.00,25.84,191.85,9.98,0,0,0,0.00,0,F1,5500,,,,,
2026-03-30,2026-03-30,FO,NSE,STO,53206,,TATASTEEL,,2026-05-26,2026-05-26,158.00,CE,TATASTEEL26MAY158CE,0.00,0.00,0.00,36.68,0.00,36.68,191.85,35.61,0,0,0,0.00,0,F1,5500,,,,,
2026-03-30,2026-03-30,FO,NSE,STO,37946,,TATASTEEL,,2026-04-28,2026-04-28,230.00,CE,TATASTEEL26APR230CE,0.40,0.78,0.36,0.42,0.44,0.49,191.85,0.42,2255000,170500,398,504514010.00,324,F1,5500,,,,,
2026-03-30,2026-03-30,FO,NSE,STO,161807,,TATASTEEL,,2026-03-30,2026-03-30,168.00,PE,TATASTEEL26MAR168PE,0.01,3.02,0.01,0.01,0.01,0.01,191.85,191.85,209000,-33000,6,5560940.00,6,F1,5500,,,,,
2026-03-30,2026-03-30,FO,NSE,STO,161811,,TATASTEEL,,2026-03-30,2026-03-30,172.00,PE,TATASTEEL26MAR172PE,0.04,0.04,0.01,0.01,0.01,0.04,191.85,191.85,82500,11000,8,7569100.00,8,F1,5500,,,,,
2026-03-30,2026-03-30,FO,NSE,STO,169459,,TATASTEEL,,2026-03-30,2026-03-30,185.00,PE,TATASTEEL26MAR185PE,0.16,0.37,0.01,0.01,0.01,0.21,191.85,191.85,1798500,-995500,803,817606625.00,660,F1,5500,,,,,
2026-03-30,2026-03-30,FO,NSE,STO,169461,,TATASTEEL,,2026-03-30,2026-03-30,187.00,PE,TATASTEEL26MAR187PE,0.36,0.53,0.01,0.01,0.01,0.26,191.85,191.85,429000,-148500,189,194527960.00,170,F1,5500,,,,,
2026-03-30,2026-03-30,FO,NSE,STO,169475,,TATASTEEL,,2026-03-30,2026-03-30,201.00,PE,TATASTEEL26MAR201PE,10.28,10.28,9.21,9.21,9.21,7.11,191.85,191.85,1045000,-16500,5,5802775.00,4,F1,5500,,,,,
2026-03-30,2026-03-30,FO,NSE,STO,161853,,TATASTEEL,,2026-03-30,2026-03-30,216.00,PE,TATASTEEL26MAR216PE,27.25,27.25,23.00,23.50,23.50,22.67,191.85,191.85,550000,-187000,34,45054900.00,24,F1,5500,,,,,
2026-03-30,2026-03-30,FO,NSE,STO,169493,,TATASTEEL,,2026-03-30,2026-03-30,219.00,PE,TATASTEEL26MAR219PE,0.00,0.00,0.00,10.93,10.93,10.93,191.85,191.85,253000,0,0,0.00,0,F1,5500,,,,,
2026-03-30,2026-03-30,FO,NSE,STO,50172,,TATASTEEL,,2026-03-30,2026-03-30,226.00,PE,TATASTEEL26MAR226PE,0.00,0.00,0.00,31.55,31.55,31.55,191.85,191.85,77000,0,0,0.00,0,F1,5500,,,,,
2026-03-30,2026-03-30,FO,NSE,STO,169507,,TATASTEEL,,2026-03-30,2026-03-30,238.00,PE,TATASTEEL26MAR238PE,0.00,0.00,0.00,44.04,0.00,44.04,191.85,191.85,0,0,0,0.00,0,F1,5500,,,,,
2026-03-30,2026-03-30,FO,NSE,STO,53203,,TATASTEEL,,2026-04-28,2026-04-28,159.00,PE,TATASTEEL26APR159PE,0.00,0.00,0.00,1.58,1.58,1.58,191.85,0.07,55000,0,0,0.00,0,F1,5500,,,,,
2026-03-30,2026-03-30,FO,NSE,STO,47872,,TATASTEEL,,2026-04-28,2026-04-28,173.00,PE,TATASTEEL26APR173PE,2.95,2.95,2.30,2.45,2.42,2.31,191.85,2.45,88000,44000,22,21245070.00,20,F1,5500,,,,,
2026-03-30,2026-03-30,FO,NSE,STO,158098,,TATASTEEL,,2026-04-28,2026-04-28,181.00,PE,TATASTEEL26APR181PE,4.69,4.79,3.70,4.05,4.05,3.26,191.85,4.05,88000,16500,14,14261445.00,12,F1,5500,,,,,
2026-03-30,2026-03-30,FO,NSE,STO,169567,,TATASTEEL,,2026-04-28,2026-04-28,182.00,PE,TATASTEEL26APR182PE,4.20,5.21,3.89,4.23,4.23,3.96,191.85,4.23,143000,5500,35,35883210.00,33,F1,5500,,,,,
2026-03-30,2026-03-30,FO,NSE,STO,169569,,TATASTEEL,,2026-04-28,2026-04-28,184.00,PE,TATASTEEL26APR184PE,4.64,5.33,4.24,4.74,4.75,4.19,191.85,4.74,258500,-11000,27,28015020.00,27,F1,5500,,,,,
2026-03-30,2026-03-30,FO,NSE,STO,158102,,TATASTEEL,,2026-04-28,2026-04-28,185.00,PE,TATASTEEL26APR185PE,5.19,6.32,4.40,5.08,5.09,4.69,191.85,5.08,2711500,203500,546,571414525.00,455,F1,5500,,,,,
2026-03-30,2026-03-30,FO,NSE,STO,169597,,TATASTEEL,,2026-04-28,2026-04-28,212.00,PE,TATASTEEL26APR212PE,0.00,0.00,0.00,24.22,24.22,24.22,191.85,20.40,16500,0,0,0.00,0,F1,5500,,,,,
2026-03-30,2026-03-30,FO,NSE,STO,169601,,TATASTEEL,,2026-04-28,2026-04-28,216.00,PE,TATASTEEL26APR216PE,0.00,0.00,0.00,22.14,22.14,22.14,191.85,23.97,5500,0,0,0.00,0,F1,5500,,,,,
2026-03-30,2026-03-30,FO,NSE,STO,39561,,TATASTEEL,,2026-04-28,2026-04-28,234.00,PE,TATASTEEL26APR234PE,0.00,0.00,0.00,40.81,40.81,40.81,191.85,41.21,60500,0,0,0.00,0,F1,5500,,,,,
2026-03-30,2026-03-30,FO,NSE,STO,158770,,TATASTEEL,,2026-05-26,2026-05-26,184.00,PE,TATASTEEL26MAY184PE,0.00,0.00,0.00,3.51,0.00,3.51,191.85,5.08,0,0,0,0.00,0,F1,5500,,,,,
2026-03-30,2026-03-30,FO,NSE,STO,158806,,TATASTEEL,,2026-05-26,2026-05-26,220.00,PE,TATASTEEL26MAY220PE,0.00,0.00,0.00,18.14,0.00,18.14,191.85,28.10,0,0,0,0.00,0,F1,5500,,,,,
2026-03-30,2026-03-30,FO,NSE,STO,161805,,TATASTEEL,,2026-03-30,2026-03-30,166.00,PE,TATASTEEL26MAR166PE,0.01,0.02,0.01,0.02,0.02,0.05,191.85,191.85,132000,-11000,3,2739220.00,3,F1,5500,,,,,
2026-03-30,2026-03-30,FO,NSE,STO,53186,,TATASTEEL,,2026-03-30,2026-03-30,157.00,CE,TATASTEEL26MAR157CE,0.00,0.00,0.00,34.64,0.00,34.64,191.85,191.85,0,0,0,0.00,0,F1,5500,,,,,
2026-03-30,2026-03-30,FO,NSE,STO,161830,,TATASTEEL,,2026-03-30,2026-03-30,192.00,CE,TATASTEEL26MAR192CE,0.74,2.17,0.02,0.34,0.02,1.74,191.85,191.85,2018500,-2475000,2384,2528611965.00,1643,F1,5500,,,,,
2026-03-30,2026-03-30,FO,NSE,STO,169492,,TATASTEEL,,2026-03-30,2026-03-30,219.00,CE,TATASTEEL26MAR219CE,0.01,0.01,0.01,0.01,0.01,0.02,191.85,191.85,269500,-11000,8,9636440.00,6,F1,5500,,,,,
2026-03-30,2026-03-30,FO,NSE,STO,169554,,TATASTEEL,,2026-04-28,2026-04-28,170.00,CE,TATASTEEL26APR170CE,24.50,26.50,21.78,24.21,24.35,25.93,191.85,24.21,682000,104500,30,32088870.00,30,F1,5500,,,,,
2026-03-30,2026-03-30,FO,NSE,STO,169570,,TATASTEEL,,2026-04-28,2026-04-28,186.00,CE,TATASTEEL26APR186CE,0.00,0.00,0.00,12.76,12.76,12.76,191.85,10.35,33000,0,0,0.00,0,F1,5500,,,,,
2026-03-30,2026-03-30,FO,NSE,STO,158103,,TATASTEEL,,2026-04-28,2026-04-28,187.00,CE,TATASTEEL26APR187CE,11.63,12.81,9.72,11.37,11.23,12.90,191.85,11.37,99000,38500,24,26235000.00,24,F1,5500,,,,,
2026-03-30,2026-03-30,FO,NSE,STO,158463,,TATASTEEL,,2026-04-28,2026-04-28,221.00,CE,TATASTEEL26APR221CE,0.00,0.00,0.00,7.81,0.00,7.81,191.85,0.42,0,0,0,0.00,0,F1,5500,,,,,
2026-03-30,2026-03-30,FO,NSE,STO,169616,,TATASTEEL,,2026-04-28,2026-04-28,236.00,CE,TATASTEEL26APR236CE,0.00,0.00,0.00,2.05,0.00,2.05,191.85,0.06,0,0,0,0.00,0,F1,5500,,,,,
2026-03-30,2026-03-30,FO,NSE,STO,158757,,TATASTEEL,,2026-05-26,2026-05-26,172.00,CE,TATASTEEL26MAY172CE,0.00,0.00,0.00,41.52,0.00,41.52,191.85,23.23,0,0,0,0.00,0,F1,5500,,,,,
2026-03-30,2026-03-30,FO,NSE,STO,158767,,TATASTEEL,,2026-05-26,2026-05-26,182.00,CE,TATASTEEL26MAY182CE,0.00,0.00,0.00,33.23,0.00,33.23,191.85,15.81,0,0,0,0.00,0,F1,5500,,,,,
2026-03-30,2026-03-30,FO,NSE,STO,158783,,TATASTEEL,,2026-05-26,2026-05-26,198.00,CE,TATASTEEL26MAY198CE,0.00,0.00,0.00,21.90,0.00,21.90,191.85,7.30,0,0,0,0.00,0,F1,5500,,,,,
2026-03-30,2026-03-30,FO,NSE,STO,158793,,TATASTEEL,,2026-05-26,2026-05-26,208.00,CE,TATASTEEL26MAY208CE,0.00,0.00,0.00,16.23,0.00,16.23,191.85,4.07,0,0,0,0.00,0,F1,5500,,,,,
2026-03-30,2026-03-30,FO,NSE,STO,158801,,TATASTEEL,,2026-05-26,2026-05-26,216.00,CE,TATASTEEL26MAY216CE,0.00,0.00,0.00,12.50,0.00,12.50,191.85,2.42,0,0,0,0.00,0,F1,5500,,,,,
2026-03-30,2026-03-30,FO,NSE,STO,53187,,TATASTEEL,,2026-03-30,2026-03-30,157.00,PE,TATASTEEL26MAR157PE,0.00,0.00,0.00,0.04,0.00,0.04,191.85,191.85,0,0,0,0.00,0,F1,5500,,,,,
2026-03-30,2026-03-30,FO,NSE,STO,47795,,TATASTEEL,,2026-03-30,2026-03-30,161.00,PE,TATASTEEL26MAR161PE,0.00,0.00,0.00,0.08,0.00,0.08,191.85,191.85,0,0,0,0.00,0,F1,5500,,,,,
2026-03-30,2026-03-30,FO,NSE,STO,47800,,TATASTEEL,,2026-03-30,2026-03-30,167.00,PE,TATASTEEL26MAR167PE,0.00,0.00,0.00,0.23,0.00,0.23,191.85,191.85,0,0,0,0.00,0,F1,5500,,,,,
2026-03-30,2026-03-30,FO,NSE,STO,53188,,TATASTEEL,,2026-03-30,2026-03-30,159.00,CE,TATASTEEL26MAR159CE,0.00,0.00,0.00,32.68,0.00,32.68,191.85,191.85,0,0,0,0.00,0,F1,5500,,,,,
2026-03-30,2026-03-30,FO,NSE,STO,47799,,TATASTEEL,,2026-03-30,2026-03-30,167.00,CE,TATASTEEL26MAR167CE,0.00,0.00,0.00,30.68,0.00,30.68,191.85,191.85,0,0,0,0.00,0,F1,5500,,,,,
2026-03-30,2026-03-30,FO,NSE,STO,158822,,TATASTEEL,,2026-05-26,2026-05-26,236.00,PE,TATASTEEL26MAY236PE,0.00,0.00,0.00,29.01,0.00,29.01,191.85,42.67,0,0,0,0.00,0,F1,5500,,,,,
2026-03-30,2026-03-30,FO,NSE,STO,158788,,TATASTEEL,,2026-05-26,2026-05-26,202.00,PE,TATASTEEL26MAY202PE,0.00,0.00,0.00,9.04,0.00,9.04,191.85,14.26,0,0,0,0.00,0,F1,5500,,,,,
2026-03-30,2026-03-30,FO,NSE,STO,158786,,TATASTEEL,,2026-05-26,2026-05-26,200.00,PE,TATASTEEL26MAY200PE,0.00,0.00,0.00,8.25,0.00,8.25,191.85,12.98,0,0,0,0.00,0,F1,5500,,,,,
2026-03-30,2026-03-30,FO,NSE,STO,158778,,TATASTEEL,,2026-05-26,2026-05-26,192.00,PE,TATASTEEL26MAY192PE,0.00,0.00,0.00,5.55,0.00,5.55,191.85,8.49,0,0,0,0.00,0,F1,5500,,,,,
2026-03-30,2026-03-30,FO,NSE,STO,47900,,TATASTEEL,,2026-05-26,2026-05-26,162.00,PE,TATASTEEL26MAY162PE,0.00,0.00,0.00,1.44,0.00,1.44,191.85,0.67,0,0,0,0.00,0,F1,5500,,,,,
2026-03-30,2026-03-30,FO,NSE,STO,169575,,TATASTEEL,,2026-04-28,2026-04-28,190.00,PE,TATASTEEL26APR190PE,7.19,8.48,5.95,6.81,6.72,6.33,191.85,6.81,6314000,1573000,2235,2423373700.00,1985,F1,5500,,,,,
2026-03-30,2026-03-30,FO,NSE,STO,47833,,TATASTEEL,,2026-04-28,2026-04-28,161.00,PE,TATASTEEL26APR161PE,0.00,0.00,0.00,1.33,1.33,1.33,191.85,0.10,225500,0,0,0.00,0,F1,5500,,,,,
2026-03-30,2026-03-30,FO,NSE,STO,169481,,TATASTEEL,,2026-03-30,2026-03-30,207.00,PE,TATASTEEL26MAR207PE,15.50,17.50,14.00,15.72,15.60,12.78,191.85,191.85,709500,-198000,52,63571805.00,34,F1,5500,,,,,
2026-03-30,2026-03-30,FO,NSE,STO,161833,,TATASTEEL,,2026-03-30,2026-03-30,194.00,PE,TATASTEEL26MAR194PE,8.45,8.45,1.05,2.80,2.65,2.21,191.85,191.85,902000,-209000,98,106278095.00,93,F1,5500,,,,,
2026-03-30,2026-03-30,FO,NSE,STO,161829,,TATASTEEL,,2026-03-30,2026-03-30,190.00,PE,TATASTEEL26MAR190PE,0.99,2.01,0.01,0.12,0.01,0.50,191.85,191.85,2464000,-4361500,2830,2969777085.00,2318,F1,5500,,,,,
2026-03-30,2026-03-30,FO,NSE,STO,40179,,TATASTEEL,,2026-03-30,2026-03-30,177.00,PE,TATASTEEL26MAR177PE,0.01,3.01,0.01,0.01,0.01,0.08,191.85,191.85,71500,-5500,36,35070035.00,36,F1,5500,,,,,
2026-03-30,2026-03-30,FO,NSE,STO,169449,,TATASTEEL,,2026-03-30,2026-03-30,175.00,PE,TATASTEEL26MAR175PE,0.05,0.05,0.01,0.01,0.01,0.05,191.85,191.85,1012000,-132000,68,65455995.00,48,F1,5500,,,,,
2026-03-30,2026-03-30,FO,NSE,STO,161809,,TATASTEEL,,2026-03-30,2026-03-30,170.00,PE,TATASTEEL26MAR170PE,0.01,0.01,0.01,0.01,0.01,0.01,191.85,191.85,1595000,-313500,61,57038355.00,47,F1,5500,,,,,
2026-03-30,2026-03-30,FO,NSE,STO,169443,,TATASTEEL,,2026-03-30,2026-03-30,169.00,PE,TATASTEEL26MAR169PE,0.00,0.00,0.00,0.03,0.03,0.03,191.85,191.85,115500,0,0,0.00,0,F1,5500,,,,,
2026-03-30,2026-03-30,FO,NSE,STO,161801,,TATASTEEL,,2026-03-30,2026-03-30,162.00,PE,TATASTEEL26MAR162PE,0.01,0.01,0.01,0.01,0.01,0.01,191.85,191.85,220000,0,2,1782110.00,2,F1,5500,,,,,
2026-03-30,2026-03-30,FO,NSE,STO,53191,,TATASTEEL,,2026-03-30,2026-03-30,159.00,PE,TATASTEEL26MAR159PE,0.00,0.00,0.00,0.07,0.00,0.07,191.85,191.85,0,0,0,0.00,0,F1,5500,,,,,
2026-03-30,2026-03-30,FO,NSE,STO,158749,,TATASTEEL,,2026-05-26,2026-05-26,156.00,CE,TATASTEEL26MAY156CE,0.00,0.00,0.00,56.08,0.00,56.08,191.85,37.50,0,0,0,0.00,0,F1,5500,,,,,
2026-03-30,2026-03-30,FO,NSE,STO,158467,,TATASTEEL,,2026-04-28,2026-04-28,225.00,CE,TATASTEEL26APR225CE,0.63,0.79,0.53,0.58,0.62,0.69,191.85,0.58,632500,66000,122,151418300.00,97,F1,5500,,,,,
2026-03-30,2026-03-30,FO,NSE,STO,158465,,TATASTEEL,,2026-04-28,2026-04-28,223.00,CE,TATASTEEL26APR223CE,0.00,0.00,0.00,7.14,0.00,7.14,191.85,0.33,0,0,0,0.00,0,F1,5500,,,,,
2026-03-30,2026-03-30,FO,NSE,STO,169596,,TATASTEEL,,2026-04-28,2026-04-28,212.00,CE,TATASTEEL26APR212CE,1.80,2.24,1.50,1.77,1.78,1.97,191.85,1.77,357500,121000,75,88222915.00,63,F1,5500,,,,,
2026-03-30,2026-03-30,FO,NSE,STO,158193,,TATASTEEL,,2026-04-28,2026-04-28,203.00,CE,TATASTEEL26APR203CE,3.50,4.36,3.28,3.75,3.72,4.65,191.85,3.75,88000,22000,24,27318995.00,24,F1,5500,,,,,
2026-03-30,2026-03-30,FO,NSE,STO,158111,,TATASTEEL,,2026-04-28,2026-04-28,195.00,CE,TATASTEEL26APR195CE,6.90,8.02,5.60,6.78,6.80,7.44,191.85,6.78,8178500,1358500,2091,2322642190.00,1837,F1,5500,,,,,
2026-03-30,2026-03-30,FO,NSE,STO,158105,,TATASTEEL,,2026-04-28,2026-04-28,189.00,CE,TATASTEEL26APR189CE,9.76,11.58,8.50,9.86,9.94,12.54,191.85,9.86,137500,60500,57,62233325.00,57,F1,5500,,,,,
2026-03-30,2026-03-30,FO,NSE,STO,169550,,TATASTEEL,,2026-04-28,2026-04-28,166.00,CE,TATASTEEL26APR166CE,0.00,0.00,0.00,31.21,0.00,31.21,191.85,26.84,0,0,0,0.00,0,F1,5500,,,,,
2026-03-30,2026-03-30,FO,NSE,STO,169546,,TATASTEEL,,2026-04-28,2026-04-28,162.00,CE,TATASTEEL26APR162CE,29.13,29.13,29.13,29.13,29.13,32.96,191.85,30.68,121000,5500,1,1051215.00,1,F1,5500,,,,,
2026-03-30,2026-03-30,FO,NSE,STO,53202,,TATASTEEL,,2026-04-28,2026-04-28,159.00,CE,TATASTEEL26APR159CE,0.00,0.00,0.00,34.17,0.00,34.17,191.85,33.61,0,0,0,0.00,0,F1,5500,,,,,
2026-03-30,2026-03-30,FO,NSE,STO,169502,,TATASTEEL,,2026-03-30,2026-03-30,230.00,CE,TATASTEEL26MAR230CE,0.01,0.01,0.01,0.01,0.01,0.01,191.85,191.85,2992000,-181500,35,44276925.00,19,F1,5500,,,,,
2026-03-30,2026-03-30,FO,NSE,STO,161858,,TATASTEEL,,2026-03-30,2026-03-30,228.00,CE,TATASTEEL26MAR228CE,0.01,0.01,0.01,0.01,0.01,0.02,191.85,191.85,500500,-66000,12,15048660.00,10,F1,5500,,,,,
2026-03-30,2026-03-30,FO,NSE,STO,169496,,TATASTEEL,,2026-03-30,2026-03-30,223.00,CE,TATASTEEL26MAR223CE,0.01,0.01,0.01,0.01,0.01,0.01,191.85,191.85,148500,-11000,2,2453110.00,2,F1,5500,,,,,
2026-03-30,2026-03-30,FO,NSE,STO,161844,,TATASTEEL,,2026-03-30,2026-03-30,206.00,CE,TATASTEEL26MAR206CE,0.01,0.02,0.01,0.01,0.01,0.02,191.85,191.85,506000,-27500,25,28326925.00,19,F1,5500,,,,,
2026-03-30,2026-03-30,FO,NSE,STO,169478,,TATASTEEL,,2026-03-30,2026-03-30,205.00,CE,TATASTEEL26MAR205CE,0.02,0.12,0.01,0.01,0.01,0.04,191.85,191.85,4081000,-209000,645,727330670.00,434,F1,5500,,,,,
2026-03-30,2026-03-30,FO,NSE,STO,161836,,TATASTEEL,,2026-03-30,2026-03-30,198.00,CE,TATASTEEL26MAR198CE,0.06,0.11,0.01,0.01,0.01,0.26,191.85,191.85,1094500,-720500,469,510831915.00,350,F1,5500,,,,,
2026-03-30,2026-03-30,FO,NSE,STO,169470,,TATASTEEL,,2026-03-30,2026-03-30,197.00,CE,TATASTEEL26MAR197CE,0.20,0.20,0.01,0.01,0.01,0.35,191.85,191.85,2491500,-500500,737,798759555.00,528,F1,5500,,,,,
2026-03-30,2026-03-30,FO,NSE,STO,161826,,TATASTEEL,,2026-03-30,2026-03-30,188.00,CE,TATASTEEL26MAR188CE,1.26,4.95,1.08,3.60,3.60,4.79,191.85,191.85,1105500,-143000,152,159488120.00,147,F1,5500,,,,,
2026-03-30,2026-03-30,FO,NSE,STO,161824,,TATASTEEL,,2026-03-30,2026-03-30,186.00,CE,TATASTEEL26MAR186CE,2.31,6.09,2.31,6.09,6.09,8.52,191.85,191.85,374000,-22000,15,15689630.00,15,F1,5500,,,,,
2026-03-30,2026-03-30,FO,NSE,STO,161800,,TATASTEEL,,2026-03-30,2026-03-30,162.00,CE,TATASTEEL26MAR162CE,0.00,0.00,0.00,32.70,32.70,32.70,191.85,191.85,22000,0,0,0.00,0,F1,5500,,,,,
2026-03-30,2026-03-30,FO,NSE,STO,169439,,TATASTEEL,,2026-03-30,2026-03-30,165.00,PE,TATASTEEL26MAR165PE,0.02,0.02,0.01,0.01,0.01,0.01,191.85,191.85,687500,-38500,14,12706045.00,14,F1,5500,,,,,
2026-03-30,2026-03-30,FO,NSE,STO,161803,,TATASTEEL,,2026-03-30,2026-03-30,164.00,PE,TATASTEEL26MAR164PE,0.00,0.00,0.00,0.01,0.01,0.01,191.85,191.85,27500,0,0,0.00,0,F1,5500,,,,,
2026-03-30,2026-03-30,FO,NSE,STO,158797,,TATASTEEL,,2026-05-26,2026-05-26,212.00,CE,TATASTEEL26MAY212CE,0.00,0.00,0.00,14.28,0.00,14.28,191.85,3.16,0,0,0,0.00,0,F1,5500,,,,,
2026-03-30,2026-03-30,FO,NSE,STO,158779,,TATASTEEL,,2026-05-26,2026-05-26,194.00,CE,TATASTEEL26MAY194CE,0.00,0.00,0.00,24.48,0.00,24.48,191.85,9.02,0,0,0,0.00,0,F1,5500,,,,,
2026-03-30,2026-03-30,FO,NSE,STO,47854,,TATASTEEL,,2026-04-28,2026-04-28,171.00,CE,TATASTEEL26APR171CE,0.00,0.00,0.00,29.11,0.00,29.11,191.85,22.19,0,0,0,0.00,0,F1,5500,,,,,
2026-03-30,2026-03-30,FO,NSE,STO,169594,,TATASTEEL,,2026-04-28,2026-04-28,210.00,CE,TATASTEEL26APR210CE,2.14,2.65,1.65,2.08,2.10,2.34,191.85,2.08,4697000,583000,1265,1475957560.00,1029,F1,5500,,,,,
2026-03-30,2026-03-30,FO,NSE,STO,47910,,TATASTEEL,,2026-05-26,2026-05-26,174.00,CE,TATASTEEL26MAY174CE,0.00,0.00,0.00,28.84,0.00,28.84,191.85,21.64,0,0,0,0.00,0,F1,5500,,,,,
2026-03-30,2026-03-30,FO,NSE,STO,158298,,TATASTEEL,,2026-04-28,2026-04-28,203.00,PE,TATASTEEL26APR203PE,0.00,0.00,0.00,11.70,11.70,11.70,191.85,13.11,5500,0,0,0.00,0,F1,5500,,,,,
2026-03-30,2026-03-30,FO,NSE,STO,169579,,TATASTEEL,,2026-04-28,2026-04-28,194.00,PE,TATASTEEL26APR194PE,8.50,10.57,7.60,8.62,8.59,8.10,191.85,8.62,627000,-22000,189,210622885.00,153,F1,5500,,,,,
2026-03-30,2026-03-30,FO,NSE,STO,40183,,TATASTEEL,,2026-04-28,2026-04-28,177.00,PE,TATASTEEL26APR177PE,0.00,0.00,0.00,2.48,2.48,2.48,191.85,1.36,11000,0,0,0.00,0,F1,5500,,,,,
2026-03-30,2026-03-30,FO,NSE,STO,169551,,TATASTEEL,,2026-04-28,2026-04-28,166.00,PE,TATASTEEL26APR166PE,1.93,1.93,1.55,1.70,1.70,2.44,191.85,0.26,55000,11000,8,7378965.00,8,F1,5500,,,,,
2026-03-30,2026-03-30,FO,NSE,STO,158776,,TATASTEEL,,2026-05-26,2026-05-26,190.00,PE,TATASTEEL26MAY190PE,9.00,9.00,9.00,9.00,9.00,8.20,191.85,7.54,44000,5500,2,2189000.00,2,F1,5500,,,,,
2026-03-30,2026-03-30,FO,NSE,STO,158784,,TATASTEEL,,2026-05-26,2026-05-26,198.00,PE,TATASTEEL26MAY198PE,0.00,0.00,0.00,7.51,0.00,7.51,191.85,11.76,0,0,0,0.00,0,F1,5500,,,,,
2026-03-30,2026-03-30,FO,NSE,STO,158790,,TATASTEEL,,2026-05-26,2026-05-26,204.00,PE,TATASTEEL26MAY204PE,0.00,0.00,0.00,9.87,0.00,9.87,191.85,15.60,0,0,0,0.00,0,F1,5500,,,,,
2026-03-30,2026-03-30,FO,NSE,STO,158800,,TATASTEEL,,2026-05-26,2026-05-26,214.00,PE,TATASTEEL26MAY214PE,0.00,0.00,0.00,14.71,0.00,14.71,191.85,23.09,0,0,0,0.00,0,F1,5500,,,,,
2026-03-30,2026-03-30,FO,NSE,STO,158810,,TATASTEEL,,2026-05-26,2026-05-26,224.00,PE,TATASTEEL26MAY224PE,0.00,0.00,0.00,20.63,0.00,20.63,191.85,31.61,0,0,0,0.00,0,F1,5500,,,,,
2026-03-30,2026-03-30,FO,NSE,STO,158812,,TATASTEEL,,2026-05-26,2026-05-26,226.00,PE,TATASTEEL26MAY226PE,0.00,0.00,0.00,21.94,0.00,21.94,191.85,33.40,0,0,0,0.00,0,F1,5500,,,,,
2026-03-30,2026-03-30,FO,NSE,STO,161798,,TATASTEEL,,2026-03-30,2026-03-30,160.00,CE,TATASTEEL26MAR160CE,0.00,0.00,0.00,22.12,0.00,22.12,191.85,191.85,0,0,0,0.00,0,F1,5500,,,,,
2026-03-30,2026-03-30,FO,NSE,STO,158758,,TATASTEEL,,2026-05-26,2026-05-26,172.00,PE,TATASTEEL26MAY172PE,0.00,0.00,0.00,1.55,0.00,1.55,191.85,1.91,0,0,0,0.00,0,F1,5500,,,,,
2026-03-30,2026-03-30,FO,NSE,STO,161852,,TATASTEEL,,2026-03-30,2026-03-30,216.00,CE,TATASTEEL26MAR216CE,0.01,0.01,0.01,0.01,0.01,0.01,191.85,191.85,946000,-38500,12,14256660.00,12,F1,5500,,,,,
2026-03-30,2026-03-30,FO,NSE,STO,169544,,TATASTEEL,,2026-04-28,2026-04-28,160.00,CE,TATASTEEL26APR160CE,33.20,34.25,31.64,34.20,34.20,35.75,191.85,32.63,71500,66000,15,15953960.00,15,F1,5500,,,,,
2026-03-30,2026-03-30,FO,NSE,STO,161822,,TATASTEEL,,2026-03-30,2026-03-30,184.00,CE,TATASTEEL26MAR184CE,0.00,0.00,0.00,10.93,10.93,10.93,191.85,191.85,242000,0,0,0.00,0,F1,5500,,,,,
2026-03-30,2026-03-30,FO,NSE,STO,169474,,TATASTEEL,,2026-03-30,2026-03-30,201.00,CE,TATASTEEL26MAR201CE,0.05,0.05,0.01,0.01,0.01,0.09,191.85,191.85,8338000,-165000,160,176896665.00,103,F1,5500,,,,,
2026-03-30,2026-03-30,FO,NSE,STO,158460,,TATASTEEL,,2026-04-28,2026-04-28,217.00,PE,TATASTEEL26APR217PE,0.00,0.00,0.00,14.68,0.00,14.68,191.85,24.88,0,0,0,0.00,0,F1,5500,,,,,
2026-03-30,2026-03-30,FO,NSE,STO,169547,,TATASTEEL,,2026-04-28,2026-04-28,162.00,PE,TATASTEEL26APR162PE,1.31,1.34,1.31,1.33,1.33,1.76,191.85,1.33,16500,16500,3,2694890.00,3,F1,5500,,,,,
2026-03-30,2026-03-30,FO,NSE,STO,161861,,TATASTEEL,,2026-03-30,2026-03-30,232.00,PE,TATASTEEL26MAR232PE,0.00,0.00,0.00,37.40,37.40,37.40,191.85,191.85,5500,0,0,0.00,0,F1,5500,,,,,
2026-03-30,2026-03-30,FO,NSE,STO,161849,,TATASTEEL,,2026-03-30,2026-03-30,210.00,PE,TATASTEEL26MAR210PE,19.22,21.84,16.70,18.58,18.60,17.55,191.85,191.85,2964500,-330000,99,124771790.00,88,F1,5500,,,,,
2026-03-30,2026-03-30,FO,NSE,STO,169463,,TATASTEEL,,2026-03-30,2026-03-30,189.00,PE,TATASTEEL26MAR189PE,0.34,1.22,0.01,0.03,0.01,0.34,191.85,191.85,874500,-682000,1022,1064611405.00,818,F1,5500,,,,,
2026-03-30,2026-03-30,FO,NSE,STO,47852,,TATASTEEL,,2026-04-28,2026-04-28,169.00,PE,TATASTEEL26APR169PE,2.24,2.25,1.83,1.83,1.83,1.87,191.85,0.43,82500,-11000,10,9414570.00,10,F1,5500,,,,,
2026-03-30,2026-03-30,FO,NSE,STO,47848,,TATASTEEL,,2026-04-28,2026-04-28,167.00,PE,TATASTEEL26APR167PE,2.00,2.10,1.63,1.79,1.79,1.14,191.85,0.31,33000,33000,17,15790170.00,16,F1,5500,,,,,
2026-03-30,2026-03-30,FO,NSE,STO,169543,,TATASTEEL,,2026-04-28,2026-04-28,158.00,PE,TATASTEEL26APR158PE,1.15,1.15,1.08,1.08,1.08,6.26,191.85,1.08,49500,44000,8,6999905.00,4,F1,5500,,,,,
2026-03-30,2026-03-30,FO,NSE,STO,161863,,TATASTEEL,,2026-03-30,2026-03-30,236.00,PE,TATASTEEL26MAR236PE,0.00,0.00,0.00,57.24,0.00,57.24,191.85,191.85,0,0,0,0.00,0,F1,5500,,,,,
2026-03-30,2026-03-30,FO,NSE,STO,161859,,TATASTEEL,,2026-03-30,2026-03-30,228.00,PE,TATASTEEL26MAR228PE,40.00,40.00,37.30,37.30,37.30,31.00,191.85,191.85,16500,-11000,2,2933150.00,2,F1,5500,,,,,
2026-03-30,2026-03-30,FO,NSE,STO,169491,,TATASTEEL,,2026-03-30,2026-03-30,217.00,PE,TATASTEEL26MAR217PE,26.00,26.00,24.00,24.00,24.00,22.50,191.85,191.85,1056000,-11000,2,2662000.00,2,F1,5500,,,,,
2026-03-30,2026-03-30,FO,NSE,STO,37036,,TATASTEEL,,2026-03-30,2026-03-30,214.00,PE,TATASTEEL26MAR214PE,25.00,25.00,21.25,21.25,21.25,20.62,191.85,191.85,451000,-132000,40,52052000.00,15,F1,5500,,,,,
2026-03-30,2026-03-30,FO,NSE,STO,47807,,TATASTEEL,,2026-03-30,2026-03-30,173.00,PE,TATASTEEL26MAR173PE,0.11,0.11,0.03,0.03,0.03,0.11,191.85,191.85,27500,-11000,3,2855875.00,3,F1,5500,,,,,
2026-03-30,2026-03-30,FO,NSE,STO,161795,,TATASTEEL,,2026-03-30,2026-03-30,156.00,PE,TATASTEEL26MAR156PE,0.01,0.01,0.01,0.01,0.01,0.02,191.85,191.85,1039500,-49500,9,7722495.00,7,F1,5500,,,,,
2026-03-30,2026-03-30,FO,NSE,STO,53185,,TATASTEEL,,2026-03-30,2026-03-30,155.00,PE,TATASTEEL26MAR155PE,0.00,0.00,0.00,0.03,0.00,0.03,191.85,191.85,0,0,0,0.00,0,F1,5500,,,,,
2026-03-30,2026-03-30,FO,NSE,STO,169614,,TATASTEEL,,2026-04-28,2026-04-28,232.00,CE,TATASTEEL26APR232CE,0.00,0.00,0.00,0.50,0.50,0.50,191.85,0.10,71500,0,0,0.00,0,F1,5500,,,,,
2026-03-30,2026-03-30,FO,NSE,STO,169608,,TATASTEEL,,2026-04-28,2026-04-28,224.00,CE,TATASTEEL26APR224CE,0.59,0.84,0.58,0.66,0.66,0.81,191.85,0.29,33000,16500,11,13597045.00,11,F1,5500,,,,,
2026-03-30,2026-03-30,FO,NSE,STO,169578,,TATASTEEL,,2026-04-28,2026-04-28,194.00,CE,TATASTEEL26APR194CE,7.03,8.60,6.20,7.28,7.20,8.06,191.85,7.28,484000,110000,374,414622890.00,354,F1,5500,,,,,
2026-03-30,2026-03-30,FO,NSE,STO,158107,,TATASTEEL,,2026-04-28,2026-04-28,191.00,CE,TATASTEEL26APR191CE,8.64,10.22,7.43,8.85,8.76,10.95,191.85,8.85,253000,148500,228,250309950.00,198,F1,5500,,,,,
2026-03-30,2026-03-30,FO,NSE,STO,158099,,TATASTEEL,,2026-04-28,2026-04-28,183.00,CE,TATASTEEL26APR183CE,0.00,0.00,0.00,30.33,0.00,30.33,191.85,12.38,0,0,0,0.00,0,F1,5500,,,,,
2026-03-30,2026-03-30,FO,NSE,STO,161864,,TATASTEEL,,2026-03-30,2026-03-30,240.00,CE,TATASTEEL26MAR240CE,0.01,0.01,0.01,0.01,0.01,0.01,191.85,191.85,2832500,-11000,2,2640110.00,2,F1,5500,,,,,
2026-03-30,2026-03-30,FO,NSE,STO,161840,,TATASTEEL,,2026-03-30,2026-03-30,202.00,CE,TATASTEEL26MAR202CE,0.01,0.09,0.01,0.01,0.01,0.08,191.85,191.85,1655500,-495000,316,351112245.00,175,F1,5500,,,,,
2026-03-30,2026-03-30,FO,NSE,STO,161812,,TATASTEEL,,2026-03-30,2026-03-30,174.00,CE,TATASTEEL26MAR174CE,0.00,0.00,0.00,13.43,0.00,13.43,191.85,191.85,0,0,0,0.00,0,F1,5500,,,,,
2026-03-30,2026-03-30,FO,NSE,STO,158799,,TATASTEEL,,2026-05-26,2026-05-26,214.00,CE,TATASTEEL26MAY214CE,0.00,0.00,0.00,13.37,0.00,13.37,191.85,2.77,0,0,0,0.00,0,F1,5500,,,,,
2026-03-30,2026-03-30,FO,NSE,STO,158775,,TATASTEEL,,2026-05-26,2026-05-26,190.00,CE,TATASTEEL26MAY190CE,0.00,0.00,0.00,27.24,0.00,27.24,191.85,11.01,0,0,0,0.00,0,F1,5500,,,,,
2026-03-30,2026-03-30,FO,NSE,STO,158773,,TATASTEEL,,2026-05-26,2026-05-26,188.00,CE,TATASTEEL26MAY188CE,0.00,0.00,0.00,28.68,0.00,28.68,191.85,12.11,0,0,0,0.00,0,F1,5500,,,,,
2026-03-30,2026-03-30,FO,NSE,STO,158763,,TATASTEEL,,2026-05-26,2026-05-26,178.00,CE,TATASTEEL26MAY178CE,0.00,0.00,0.00,36.45,0.00,36.45,191.85,18.60,0,0,0,0.00,0,F1,5500,,,,,
2026-03-30,2026-03-30,FO,NSE,STO,158794,,TATASTEEL,,2026-05-26,2026-05-26,208.00,PE,TATASTEEL26MAY208PE,0.00,0.00,0.00,11.67,0.00,11.67,191.85,18.45,0,0,0,0.00,0,F1,5500,,,,,
2026-03-30,2026-03-30,FO,NSE,STO,158764,,TATASTEEL,,2026-05-26,2026-05-26,178.00,PE,TATASTEEL26MAY178PE,0.00,0.00,0.00,2.39,0.00,2.39,191.85,3.23,0,0,0,0.00,0,F1,5500,,,,,
2026-03-30,2026-03-30,FO,NSE,STO,39563,,TATASTEEL,,2026-04-28,2026-04-28,238.00,PE,TATASTEEL26APR238PE,0.00,0.00,0.00,35.59,0.00,35.59,191.85,45.16,0,0,0,0.00,0,F1,5500,,,,,
2026-03-30,2026-03-30,FO,NSE,STO,158458,,TATASTEEL,,2026-04-28,2026-04-28,215.00,PE,TATASTEEL26APR215PE,25.90,25.90,22.10,22.10,22.10,22.05,191.85,23.06,269500,-11000,7,9224435.00,7,F1,5500,,,,,
2026-03-30,2026-03-30,FO,NSE,STO,158192,,TATASTEEL,,2026-04-28,2026-04-28,201.00,PE,TATASTEEL26APR201PE,11.92,12.34,11.92,12.34,12.34,9.52,191.85,12.34,77000,11000,2,2344430.00,2,F1,5500,,,,,
2026-03-30,2026-03-30,FO,NSE,STO,158108,,TATASTEEL,,2026-04-28,2026-04-28,191.00,PE,TATASTEEL26APR191PE,8.12,8.95,6.38,7.24,7.27,6.76,191.85,7.24,1320000,1215500,636,695122505.00,484,F1,5500,,,,,
2026-03-30,2026-03-30,FO,NSE,STO,169565,,TATASTEEL,,2026-04-28,2026-04-28,180.00,PE,TATASTEEL26APR180PE,4.00,4.70,3.25,3.72,3.70,3.44,191.85,3.72,3459500,1111000,1349,1364266255.00,999,F1,5500,,,,,
2026-03-30,2026-03-30,FO,NSE,STO,169563,,TATASTEEL,,2026-04-28,2026-04-28,178.00,PE,TATASTEEL26APR178PE,3.50,4.16,2.89,3.40,3.42,3.07,191.85,3.40,220000,154000,64,63874305.00,63,F1,5500,,,,,
2026-03-30,2026-03-30,FO,NSE,STO,42146,,TATASTEEL,,2026-03-30,2026-03-30,222.00,CE,TATASTEEL26MAR222CE,0.01,0.01,0.01,0.01,0.01,0.01,191.85,191.85,236500,-27500,11,13431605.00,11,F1,5500,,,,,
2026-03-30,2026-03-30,FO,NSE,STO,169500,,TATASTEEL,,2026-03-30,2026-03-30,227.00,CE,TATASTEEL26MAR227CE,0.01,0.01,0.01,0.01,0.01,0.01,191.85,191.85,1133000,-5500,1,1248555.00,1,F1,5500,,,,,
2026-03-30,2026-03-30,FO,NSE,STO,169540,,TATASTEEL,,2026-04-28,2026-04-28,156.00,CE,TATASTEEL26APR156CE,0.00,0.00,0.00,39.73,0.00,39.73,191.85,36.57,0,0,0,0.00,0,F1,5500,,,,,
2026-03-30,2026-03-30,FO,NSE,STO,47828,,TATASTEEL,,2026-04-28,2026-04-28,161.00,CE,TATASTEEL26APR161CE,0.00,0.00,0.00,37.98,0.00,37.98,191.85,31.65,0,0,0,0.00,0,F1,5500,,,,,
2026-03-30,2026-03-30,FO,NSE,STO,47839,,TATASTEEL,,2026-04-28,2026-04-28,165.00,CE,TATASTEEL26APR165CE,28.80,31.00,26.79,29.30,29.30,30.90,191.85,27.79,467500,181500,55,58515655.00,55,F1,5500,,,,,
2026-03-30,2026-03-30,FO,NSE,STO,43385,,TATASTEEL,,2026-04-28,2026-04-28,175.00,CE,TATASTEEL26APR175CE,20.40,22.18,17.95,19.78,19.78,22.33,191.85,19.78,198000,0,20,21439440.00,20,F1,5500,,,,,
2026-03-30,2026-03-30,FO,NSE,STO,40182,,TATASTEEL,,2026-04-28,2026-04-28,177.00,CE,TATASTEEL26APR177CE,0.00,0.00,0.00,38.09,0.00,38.09,191.85,16.98,0,0,0,0.00,0,F1,5500,,,,,
2026-03-30,2026-03-30,FO,NSE,STO,169566,,TATASTEEL,,2026-04-28,2026-04-28,182.00,CE,TATASTEEL26APR182CE,0.00,0.00,0.00,16.55,16.55,16.55,191.85,13.10,0,0,0,0.00,0,F1,5500,,,,,
2026-03-30,2026-03-30,FO,NSE,STO,169568,,TATASTEEL,,2026-04-28,2026-04-28,184.00,CE,TATASTEEL26APR184CE,0.00,0.00,0.00,18.41,0.00,18.41,191.85,11.68,0,0,0,0.00,0,F1,5500,,,,,
2026-03-30,2026-03-30,FO,NSE,STO,158101,,TATASTEEL,,2026-04-28,2026-04-28,185.00,CE,TATASTEEL26APR185CE,12.53,13.89,11.05,13.36,13.36,13.59,191.85,11.01,935000,82500,50,54264870.00,47,F1,5500,,,,,
2026-03-30,2026-03-30,FO,NSE,STO,169574,,TATASTEEL,,2026-04-28,2026-04-28,190.00,CE,TATASTEEL26APR190CE,8.28,10.94,7.95,9.45,9.45,10.30,191.85,9.45,5027000,902000,1201,1316357460.00,1055,F1,5500,,,,,
2026-03-30,2026-03-30,FO,NSE,STO,158109,,TATASTEEL,,2026-04-28,2026-04-28,193.00,CE,TATASTEEL26APR193CE,7.86,9.15,6.60,7.73,7.76,8.49,191.85,7.73,209000,99000,246,272037095.00,236,F1,5500,,,,,
2026-03-30,2026-03-30,FO,NSE,STO,169580,,TATASTEEL,,2026-04-28,2026-04-28,196.00,CE,TATASTEEL26APR196CE,5.59,7.56,5.28,6.32,6.34,6.99,191.85,6.32,1529000,-363000,381,424059405.00,365,F1,5500,,,,,
2026-03-30,2026-03-30,FO,NSE,STO,169586,,TATASTEEL,,2026-04-28,2026-04-28,202.00,CE,TATASTEEL26APR202CE,3.70,4.85,3.52,4.05,4.05,4.51,191.85,4.05,148500,16500,52,58960495.00,49,F1,5500,,,,,
2026-03-30,2026-03-30,FO,NSE,STO,169590,,TATASTEEL,,2026-04-28,2026-04-28,206.00,CE,TATASTEEL26APR206CE,3.06,3.55,2.58,3.18,3.18,3.30,191.85,2.15,93500,44000,29,33365420.00,28,F1,5500,,,,,
2026-03-30,2026-03-30,FO,NSE,STO,158377,,TATASTEEL,,2026-04-28,2026-04-28,211.00,CE,TATASTEEL26APR211CE,1.87,2.41,1.67,1.91,1.94,2.15,191.85,1.91,253000,-11000,47,55062040.00,44,F1,5500,,,,,
2026-03-30,2026-03-30,FO,NSE,STO,47899,,TATASTEEL,,2026-05-26,2026-05-26,162.00,CE,TATASTEEL26MAY162CE,0.00,0.00,0.00,38.65,0.00,38.65,191.85,31.90,0,0,0,0.00,0,F1,5500,,,,,
2026-03-30,2026-03-30,FO,NSE,STO,161834,,TATASTEEL,,2026-03-30,2026-03-30,196.00,CE,TATASTEEL26MAR196CE,0.07,0.30,0.01,0.01,0.01,0.51,191.85,191.85,715000,-478500,498,537100740.00,428,F1,5500,,,,,
2026-03-30,2026-03-30,FO,NSE,STO,169460,,TATASTEEL,,2026-03-30,2026-03-30,187.00,CE,TATASTEEL26MAR187CE,4.08,6.33,2.05,5.77,5.77,5.98,191.85,191.85,407000,-16500,47,49507645.00,41,F1,5500,,,,,
2026-03-30,2026-03-30,FO,NSE,STO,161808,,TATASTEEL,,2026-03-30,2026-03-30,170.00,CE,TATASTEEL26MAR170CE,21.30,22.35,18.52,21.97,22.16,23.35,191.85,191.85,874500,-27500,11,11519915.00,11,F1,5500,,,,,
2026-03-30,2026-03-30,FO,NSE,STO,47908,,TATASTEEL,,2026-05-26,2026-05-26,170.00,CE,TATASTEEL26MAY170CE,0.00,0.00,0.00,31.97,0.00,31.97,191.85,24.88,0,0,0,0.00,0,F1,5500,,,,,
2026-03-30,2026-03-30,FO,NSE,STO,158761,,TATASTEEL,,2026-05-26,2026-05-26,176.00,CE,TATASTEEL26MAY176CE,0.00,0.00,0.00,38.11,0.00,38.11,191.85,20.09,0,0,0,0.00,0,F1,5500,,,,,
2026-03-30,2026-03-30,FO,NSE,STO,158765,,TATASTEEL,,2026-05-26,2026-05-26,180.00,CE,TATASTEEL26MAY180CE,0.00,0.00,0.00,34.82,0.00,34.82,191.85,17.17,0,0,0,0.00,0,F1,5500,,,,,
2026-03-30,2026-03-30,FO,NSE,STO,158771,,TATASTEEL,,2026-05-26,2026-05-26,186.00,CE,TATASTEEL26MAY186CE,0.00,0.00,0.00,30.16,0.00,30.16,191.85,13.27,0,0,0,0.00,0,F1,5500,,,,,
2026-03-30,2026-03-30,FO,NSE,STO,158795,,TATASTEEL,,2026-05-26,2026-05-26,210.00,CE,TATASTEEL26MAY210CE,0.00,0.00,0.00,3.84,3.84,3.84,191.85,3.59,16500,0,0,0.00,0,F1,5500,,,,,
2026-03-30,2026-03-30,FO,NSE,STO,158805,,TATASTEEL,,2026-05-26,2026-05-26,220.00,CE,TATASTEEL26MAY220CE,2.70,3.59,2.70,3.36,3.35,3.50,191.85,3.36,77000,11000,7,8590945.00,7,F1,5500,,,,,
2026-03-30,2026-03-30,FO,NSE,STO,158813,,TATASTEEL,,2026-05-26,2026-05-26,228.00,CE,TATASTEEL26MAY228CE,0.00,0.00,0.00,8.16,0.00,8.16,191.85,1.02,0,0,0,0.00,0,F1,5500,,,,,
2026-03-30,2026-03-30,FO,NSE,STO,158825,,TATASTEEL,,2026-05-26,2026-05-26,240.00,CE,TATASTEEL26MAY240CE,0.00,0.00,0.00,5.14,0.00,5.14,191.85,0.39,0,0,0,0.00,0,F1,5500,,,,,
2026-03-30,2026-03-30,FO,NSE,STO,169453,,TATASTEEL,,2026-03-30,2026-03-30,179.00,PE,TATASTEEL26MAR179PE,0.00,0.00,0.00,0.12,0.10,0.12,191.85,191.85,165000,0,0,0.00,0,F1,5500,,,,,
2026-03-30,2026-03-30,FO,NSE,STO,161819,,TATASTEEL,,2026-03-30,2026-03-30,180.00,PE,TATASTEEL26MAR180PE,0.11,0.28,0.01,0.01,0.01,0.11,191.85,191.85,3289000,-1133000,784,776375215.00,585,F1,5500,,,,,
2026-03-30,2026-03-30,FO,NSE,STO,169469,,TATASTEEL,,2026-03-30,2026-03-30,195.00,PE,TATASTEEL26MAR195PE,4.00,9.99,1.76,3.65,3.60,3.01,191.85,191.85,2260500,-775500,529,580314130.00,472,F1,5500,,,,,
2026-03-30,2026-03-30,FO,NSE,STO,161855,,TATASTEEL,,2026-03-30,2026-03-30,220.00,PE,TATASTEEL26MAR220PE,28.25,31.70,26.40,28.72,28.73,27.20,191.85,191.85,913000,-159500,78,106972745.00,69,F1,5500,,,,,
2026-03-30,2026-03-30,FO,NSE,STO,169585,,TATASTEEL,,2026-04-28,2026-04-28,200.00,PE,TATASTEEL26APR200PE,12.80,14.35,10.75,12.07,12.00,11.25,191.85,12.07,3987500,506000,330,385080355.00,256,F1,5500,,,,,
2026-03-30,2026-03-30,FO,NSE,STO,158302,,TATASTEEL,,2026-04-28,2026-04-28,205.00,PE,TATASTEEL26APR205PE,17.29,17.99,14.24,15.34,15.23,14.41,191.85,15.34,3107500,1155000,299,362291325.00,152,F1,5500,,,,,
2026-03-30,2026-03-30,FO,NSE,STO,158468,,TATASTEEL,,2026-04-28,2026-04-28,225.00,PE,TATASTEEL26APR225PE,32.86,32.86,32.86,32.86,32.86,19.81,191.85,32.43,5500,5500,1,1418230.00,1,F1,5500,,,,,
2026-03-30,2026-03-30,FO,NSE,STO,53208,,TATASTEEL,,2026-05-26,2026-05-26,158.00,PE,TATASTEEL26MAY158PE,0.00,0.00,0.00,1.38,0.00,1.38,191.85,0.41,0,0,0,0.00,0,F1,5500,,,,,
2026-03-30,2026-03-30,FO,NSE,STO,158766,,TATASTEEL,,2026-05-26,2026-05-26,180.00,PE,TATASTEEL26MAY180PE,0.00,0.00,0.00,5.01,5.01,5.01,191.85,3.78,5500,0,0,0.00,0,F1,5500,,,,,
2026-03-30,2026-03-30,FO,NSE,STO,158792,,TATASTEEL,,2026-05-26,2026-05-26,206.00,PE,TATASTEEL26MAY206PE,0.00,0.00,0.00,10.75,0.00,10.75,191.85,16.99,0,0,0,0.00,0,F1,5500,,,,,
2026-03-30,2026-03-30,FO,NSE,STO,169480,,TATASTEEL,,2026-03-30,2026-03-30,207.00,CE,TATASTEEL26MAR207CE,0.02,0.02,0.01,0.02,0.02,0.03,191.85,191.85,1001000,-148500,80,91086600.00,49,F1,5500,,,,,
2026-03-30,2026-03-30,FO,NSE,STO,161846,,TATASTEEL,,2026-03-30,2026-03-30,208.00,CE,TATASTEEL26MAR208CE,0.02,0.02,0.01,0.01,0.01,0.03,191.85,191.85,1485000,-126500,39,44619575.00,35,F1,5500,,,,,
2026-03-30,2026-03-30,FO,NSE,STO,169482,,TATASTEEL,,2026-03-30,2026-03-30,209.00,CE,TATASTEEL26MAR209CE,0.02,0.02,0.01,0.01,0.01,0.03,191.85,191.85,660000,-16500,17,19542490.00,13,F1,5500,,,,,
2026-03-30,2026-03-30,FO,NSE,STO,161850,,TATASTEEL,,2026-03-30,2026-03-30,212.00,CE,TATASTEEL26MAR212CE,0.01,0.03,0.01,0.01,0.01,0.03,191.85,191.85,1292500,-55000,20,23321320.00,19,F1,5500,,,,,
2026-03-30,2026-03-30,FO,NSE,STO,169490,,TATASTEEL,,2026-03-30,2026-03-30,217.00,CE,TATASTEEL26MAR217CE,0.01,0.01,0.01,0.01,0.01,0.01,191.85,191.85,869000,-5500,5,5967775.00,5,F1,5500,,,,,
2026-03-30,2026-03-30,FO,NSE,STO,158190,,TATASTEEL,,2026-04-28,2026-04-28,199.00,PE,TATASTEEL26APR199PE,11.47,11.47,10.54,10.54,10.54,9.85,191.85,10.31,148500,11000,4,4620165.00,4,F1,5500,,,,,
2026-03-30,2026-03-30,FO,NSE,STO,169581,,TATASTEEL,,2026-04-28,2026-04-28,196.00,PE,TATASTEEL26APR196PE,10.00,11.76,8.62,9.69,9.73,9.01,191.85,9.69,1127500,-308000,192,217288005.00,169,F1,5500,,,,,
2026-03-30,2026-03-30,FO,NSE,STO,169573,,TATASTEEL,,2026-04-28,2026-04-28,188.00,PE,TATASTEEL26APR188PE,6.46,7.58,5.52,6.06,6.00,5.65,191.85,6.06,819500,22000,198,211731465.00,188,F1,5500,,,,,
2026-03-30,2026-03-30,FO,NSE,STO,169505,,TATASTEEL,,2026-03-30,2026-03-30,234.00,PE,TATASTEEL26MAR234PE,0.00,0.00,0.00,44.00,44.00,44.00,191.85,191.85,115500,0,0,0.00,0,F1,5500,,,,,
2026-03-30,2026-03-30,FO,NSE,STO,169501,,TATASTEEL,,2026-03-30,2026-03-30,227.00,PE,TATASTEEL26MAR227PE,0.00,0.00,0.00,34.03,0.00,34.03,191.85,191.85,0,0,0,0.00,0,F1,5500,,,,,
2026-03-30,2026-03-30,FO,NSE,STO,169483,,TATASTEEL,,2026-03-30,2026-03-30,209.00,PE,TATASTEEL26MAR209PE,20.00,20.00,16.10,17.70,17.70,15.07,191.85,191.85,456500,0,8,9988385.00,7,F1,5500,,,,,
2026-03-30,2026-03-30,FO,NSE,STO,161845,,TATASTEEL,,2026-03-30,2026-03-30,206.00,PE,TATASTEEL26MAR206PE,16.40,16.60,13.24,13.95,13.95,10.90,191.85,191.85,407000,-11000,10,12146145.00,10,F1,5500,,,,,
2026-03-30,2026-03-30,FO,NSE,STO,161843,,TATASTEEL,,2026-03-30,2026-03-30,204.00,PE,TATASTEEL26MAR204PE,12.99,15.35,11.97,11.97,11.97,10.99,191.85,191.85,82500,-55000,16,19051505.00,8,F1,5500,,,,,
2026-03-30,2026-03-30,FO,NSE,STO,169477,,TATASTEEL,,2026-03-30,2026-03-30,203.00,PE,TATASTEEL26MAR203PE,11.25,14.33,10.23,11.30,11.30,9.66,191.85,191.85,781000,-16500,6,7095220.00,6,F1,5500,,,,,
2026-03-30,2026-03-30,FO,NSE,STO,161797,,TATASTEEL,,2026-03-30,2026-03-30,158.00,PE,TATASTEEL26MAR158PE,0.01,0.01,0.01,0.01,0.01,0.06,191.85,191.85,187000,-16500,14,12166770.00,6,F1,5500,,,,,
2026-03-30,2026-03-30,FO,NSE,STO,158817,,TATASTEEL,,2026-05-26,2026-05-26,232.00,CE,TATASTEEL26MAY232CE,0.00,0.00,0.00,7.02,0.00,7.02,191.85,0.74,0,0,0,0.00,0,F1,5500,,,,,
2026-03-30,2026-03-30,FO,NSE,STO,158811,,TATASTEEL,,2026-05-26,2026-05-26,226.00,CE,TATASTEEL26MAY226CE,0.00,0.00,0.00,8.79,0.00,8.79,191.85,1.18,0,0,0,0.00,0,F1,5500,,,,,
2026-03-30,2026-03-30,FO,NSE,STO,158785,,TATASTEEL,,2026-05-26,2026-05-26,200.00,CE,TATASTEEL26MAY200CE,8.55,9.30,7.65,8.65,8.65,9.20,191.85,8.65,192500,27500,21,24082465.00,21,F1,5500,,,,,
2026-03-30,2026-03-30,FO,NSE,STO,158769,,TATASTEEL,,2026-05-26,2026-05-26,184.00,CE,TATASTEEL26MAY184CE,0.00,0.00,0.00,31.67,0.00,31.67,191.85,14.51,0,0,0,0.00,0,F1,5500,,,,,
2026-03-30,2026-03-30,FO,NSE,STO,158461,,TATASTEEL,,2026-04-28,2026-04-28,219.00,CE,TATASTEEL26APR219CE,1.00,1.00,1.00,1.00,1.00,8.52,191.85,1.00,5500,5500,1,1210000.00,1,F1,5500,,,,,
2026-03-30,2026-03-30,FO,NSE,STO,169556,,TATASTEEL,,2026-04-28,2026-04-28,172.00,CE,TATASTEEL26APR172CE,0.00,0.00,0.00,26.54,0.00,26.54,191.85,21.29,0,0,0,0.00,0,F1,5500,,,,,
2026-03-30,2026-03-30,FO,NSE,STO,47844,,TATASTEEL,,2026-04-28,2026-04-28,167.00,CE,TATASTEEL26APR167CE,0.00,0.00,0.00,32.56,0.00,32.56,191.85,25.89,0,0,0,0.00,0,F1,5500,,,,,
2026-03-30,2026-03-30,FO,NSE,STO,161854,,TATASTEEL,,2026-03-30,2026-03-30,220.00,CE,TATASTEEL26MAR220CE,0.02,0.02,0.01,0.01,0.01,0.02,191.85,191.85,6754000,-1160500,339,410209140.00,140,F1,5500,,,,,
2026-03-30,2026-03-30,FO,NSE,STO,161838,,TATASTEEL,,2026-03-30,2026-03-30,200.00,CE,TATASTEEL26MAR200CE,0.06,0.08,0.01,0.01,0.01,0.16,191.85,191.85,5786000,-2937000,1490,1639218900.00,962,F1,5500,,,,,
2026-03-30,2026-03-30,FO,NSE,STO,169466,,TATASTEEL,,2026-03-30,2026-03-30,193.00,CE,TATASTEEL26MAR193CE,0.21,1.45,0.01,0.27,0.10,1.34,191.85,191.85,753500,110000,1049,1116162960.00,926,F1,5500,,,,,
2026-03-30,2026-03-30,FO,NSE,STO,161794,,TATASTEEL,,2026-03-30,2026-03-30,156.00,CE,TATASTEEL26MAR156CE,0.00,0.00,0.00,25.08,0.00,25.08,191.85,191.85,0,0,0,0.00,0,F1,5500,,,,,
2026-03-30,2026-03-30,FO,NSE,STF,66388,,TATASTEEL,,2026-05-26,2026-05-26,,,TATASTEEL26MAYFUT,193.40,195.80,190.39,193.48,193.65,194.88,191.85,193.48,19503000,781000,1780,1896454945.00,867,F1,5500,,,,,
2026-03-30,2026-03-30,FO,NSE,STF,67023,,TATASTEEL,,2026-04-28,2026-04-28,,,TATASTEEL26APRFUT,192.50,194.93,189.26,192.45,192.46,193.84,191.85,192.45,175153000,23254000,13067,13809689245.00,10436,F1,5500,,,,,
2026-03-30,2026-03-30,FO,NSE,STO,158802,,TATASTEEL,,2026-05-26,2026-05-26,216.00,PE,TATASTEEL26MAY216PE,0.00,0.00,0.00,15.81,0.00,15.81,191.85,24.72,0,0,0,0.00,0,F1,5500,,,,,
2026-03-30,2026-03-30,FO,NSE,STO,158782,,TATASTEEL,,2026-05-26,2026-05-26,196.00,PE,TATASTEEL26MAY196PE,0.00,0.00,0.00,6.81,0.00,6.81,191.85,10.60,0,0,0,0.00,0,F1,5500,,,,,
2026-03-30,2026-03-30,FO,NSE,STO,158780,,TATASTEEL,,2026-05-26,2026-05-26,194.00,PE,TATASTEEL26MAY194PE,0.00,0.00,0.00,6.15,0.00,6.15,191.85,9.51,0,0,0,0.00,0,F1,5500,,,,,
2026-03-30,2026-03-30,FO,NSE,STO,158774,,TATASTEEL,,2026-05-26,2026-05-26,188.00,PE,TATASTEEL26MAY188PE,0.00,0.00,0.00,4.46,0.00,4.46,191.85,6.65,0,0,0,0.00,0,F1,5500,,,,,
2026-03-30,2026-03-30,FO,NSE,STO,158768,,TATASTEEL,,2026-05-26,2026-05-26,182.00,PE,TATASTEEL26MAY182PE,0.00,0.00,0.00,3.10,0.00,3.10,191.85,4.40,0,0,0,0.00,0,F1,5500,,,,,
2026-03-30,2026-03-30,FO,NSE,STO,158762,,TATASTEEL,,2026-05-26,2026-05-26,176.00,PE,TATASTEEL26MAY176PE,0.00,0.00,0.00,2.08,0.00,2.08,191.85,2.73,0,0,0,0.00,0,F1,5500,,,,,
2026-03-30,2026-03-30,FO,NSE,STO,158756,,TATASTEEL,,2026-05-26,2026-05-26,168.00,PE,TATASTEEL26MAY168PE,0.00,0.00,0.00,1.14,0.00,1.14,191.85,1.29,0,0,0,0.00,0,F1,5500,,,,,
2026-03-30,2026-03-30,FO,NSE,STO,158752,,TATASTEEL,,2026-05-26,2026-05-26,160.00,PE,TATASTEEL26MAY160PE,0.00,0.00,0.00,0.57,0.00,0.57,191.85,0.52,0,0,0,0.00,0,F1,5500,,,,,
2026-03-30,2026-03-30,FO,NSE,STO,158750,,TATASTEEL,,2026-05-26,2026-05-26,156.00,PE,TATASTEEL26MAY156PE,0.00,0.00,0.00,0.38,0.00,0.38,191.85,0.31,0,0,0,0.00,0,F1,5500,,,,,
2026-03-30,2026-03-30,FO,NSE,STO,37947,,TATASTEEL,,2026-04-28,2026-04-28,230.00,PE,TATASTEEL26APR230PE,40.00,40.00,35.50,35.91,35.91,34.85,191.85,37.28,49500,33000,8,11757295.00,7,F1,5500,,,,,
2026-03-30,2026-03-30,FO,NSE,STO,169609,,TATASTEEL,,2026-04-28,2026-04-28,224.00,PE,TATASTEEL26APR224PE,0.00,0.00,0.00,25.70,25.70,25.70,191.85,31.47,27500,0,0,0.00,0,F1,5500,,,,,
2026-03-30,2026-03-30,FO,NSE,STO,169607,,TATASTEEL,,2026-04-28,2026-04-28,222.00,PE,TATASTEEL26APR222PE,30.85,30.85,30.00,30.00,30.00,30.38,191.85,30.00,22000,22000,4,5550545.00,4,F1,5500,,,,,
2026-03-30,2026-03-30,FO,NSE,STO,169595,,TATASTEEL,,2026-04-28,2026-04-28,210.00,PE,TATASTEEL26APR210PE,20.00,21.46,17.57,19.45,19.45,18.11,191.85,19.45,1600500,181500,130,164101740.00,122,F1,5500,,,,,
2026-03-30,2026-03-30,FO,NSE,STO,169591,,TATASTEEL,,2026-04-28,2026-04-28,206.00,PE,TATASTEEL26APR206PE,0.00,0.00,0.00,4.12,4.12,4.12,191.85,15.40,77000,0,0,0.00,0,F1,5500,,,,,
2026-03-30,2026-03-30,FO,NSE,STO,169618,,TATASTEEL,,2026-04-28,2026-04-28,240.00,CE,TATASTEEL26APR240CE,0.31,0.31,0.17,0.24,0.25,0.31,191.85,0.24,814000,363000,110,145346905.00,74,F1,5500,,,,,
2026-03-30,2026-03-30,FO,NSE,STO,158814,,TATASTEEL,,2026-05-26,2026-05-26,228.00,PE,TATASTEEL26MAY228PE,0.00,0.00,0.00,23.28,0.00,23.28,191.85,35.22,0,0,0,0.00,0,F1,5500,,,,,
2026-03-30,2026-03-30,FO,NSE,STO,47904,,TATASTEEL,,2026-05-26,2026-05-26,166.00,PE,TATASTEEL26MAY166PE,0.00,0.00,0.00,1.97,0.00,1.97,191.85,1.05,0,0,0,0.00,0,F1,5500,,,,,
2026-03-30,2026-03-30,FO,NSE,STO,39562,,TATASTEEL,,2026-04-28,2026-04-28,238.00,CE,TATASTEEL26APR238CE,0.00,0.00,0.00,3.49,0.00,3.49,191.85,0.04,0,0,0,0.00,0,F1,5500,,,,,
2026-03-30,2026-03-30,FO,NSE,STO,39558,,TATASTEEL,,2026-04-28,2026-04-28,234.00,CE,TATASTEEL26APR234CE,0.39,0.40,0.32,0.34,0.34,0.30,191.85,0.34,159500,11000,19,24491335.00,18,F1,5500,,,,,
2026-03-30,2026-03-30,FO,NSE,STO,169598,,TATASTEEL,,2026-04-28,2026-04-28,214.00,CE,TATASTEEL26APR214CE,1.45,1.91,1.29,1.47,1.52,1.68,191.85,1.47,423500,-16500,75,88921415.00,69,F1,5500,,,,,
2026-03-30,2026-03-30,FO,NSE,STO,158305,,TATASTEEL,,2026-04-28,2026-04-28,209.00,CE,TATASTEEL26APR209CE,2.02,2.76,1.99,2.36,2.36,2.58,191.85,2.36,115500,71500,36,41867210.00,26,F1,5500,,,,,
2026-03-30,2026-03-30,FO,NSE,STF,52052,,TATASTEEL,,2026-03-30,2026-03-30,,,TATASTEEL26MARFUT,191.10,193.90,188.31,191.46,191.65,192.82,191.85,191.85,22027500,-18942000,9132,9598563590.00,7328,F1,5500,,,,,
2026-03-30,2026-03-30,FO,NSE,STO,47794,,TATASTEEL,,2026-03-30,2026-03-30,161.00,CE,TATASTEEL26MAR161CE,0.00,0.00,0.00,36.50,0.00,36.50,191.85,191.85,0,0,0,0.00,0,F1,5500,,,,,
2026-03-30,2026-03-30,FO,NSE,STO,169452,,TATASTEEL,,2026-03-30,2026-03-30,179.00,CE,TATASTEEL26MAR179CE,0.00,0.00,0.00,16.11,16.11,16.11,191.85,191.85,16500,0,0,0.00,0,F1,5500,,,,,
2026-03-30,2026-03-30,FO,NSE,STO,169472,,TATASTEEL,,2026-03-30,2026-03-30,199.00,CE,TATASTEEL26MAR199CE,0.05,0.14,0.01,0.01,0.01,0.20,191.85,191.85,748000,-236500,217,237547035.00,169,F1,5500,,,,,
2026-03-30,2026-03-30,FO,NSE,STO,169484,,TATASTEEL,,2026-03-30,2026-03-30,211.00,CE,TATASTEEL26MAR211CE,0.02,0.02,0.01,0.01,0.01,0.03,191.85,191.85,781000,170500,127,147394390.00,70,F1,5500,,,,,
2026-03-30,2026-03-30,FO,NSE,STO,161860,,TATASTEEL,,2026-03-30,2026-03-30,232.00,CE,TATASTEEL26MAR232CE,0.01,0.01,0.01,0.01,0.01,0.02,191.85,191.85,847000,-82500,16,20416880.00,8,F1,5500,,,,,
2026-03-30,2026-03-30,FO,NSE,STO,47851,,TATASTEEL,,2026-04-28,2026-04-28,169.00,CE,TATASTEEL26APR169CE,0.00,0.00,0.00,30.82,0.00,30.82,191.85,24.02,0,0,0,0.00,0,F1,5500,,,,,
2026-03-30,2026-03-30,FO,NSE,STO,158087,,TATASTEEL,,2026-04-28,2026-04-28,179.00,CE,TATASTEEL26APR179CE,0.00,0.00,0.00,33.70,0.00,33.70,191.85,15.37,0,0,0,0.00,0,F1,5500,,,,,
2026-03-30,2026-03-30,FO,NSE,STO,158187,,TATASTEEL,,2026-04-28,2026-04-28,197.00,CE,TATASTEEL26APR197CE,5.00,7.05,5.00,5.92,5.97,6.48,191.85,5.92,643500,-16500,113,126226430.00,109,F1,5500,,,,,
