TradDt,BizDt,Sgmt,Src,FinInstrmTp,FinInstrmId,ISIN,TckrSymb,SctySrs,XpryDt,FininstrmActlXpryDt,StrkPric,OptnTp,FinInstrmNm,OpnPric,HghPric,LwPric,ClsPric,LastPric,PrvsClsgPric,UndrlygPric,SttlmPric,OpnIntrst,ChngInOpnIntrst,TtlTradgVol,TtlTrfVal,TtlNbOfTxsExctd,SsnId,NewBrdLotQty,Rmks,Rsvd1,Rsvd2,Rsvd3,Rsvd4
2026-01-09,2026-01-09,FO,NSE,STO,40772,,CANBK,,2026-01-27,2026-01-27,174.00,PE,CANBK26JAN174PE,0.00,0.00,0.00,33.68,0.00,33.68,150.55,23.03,0,0,0,0.00,0,F1,6750,,,,,
2026-01-09,2026-01-09,FO,NSE,STO,82881,,CANBK,,2026-01-27,2026-01-27,143.00,PE,CANBK26JAN143PE,1.55,1.56,0.88,1.22,1.17,1.42,150.55,1.22,1066500,182250,127,123606675.00,105,F1,6750,,,,,
2026-01-09,2026-01-09,FO,NSE,STO,76054,,CANBK,,2026-01-27,2026-01-27,148.00,PE,CANBK26JAN148PE,2.45,3.14,1.91,2.71,2.61,3.02,150.55,2.71,1883250,189000,336,341285265.00,306,F1,6750,,,,,
2026-01-09,2026-01-09,FO,NSE,STO,83115,,CANBK,,2026-02-24,2026-02-24,136.00,PE,CANBK26FEB136PE,0.80,1.25,0.80,1.24,1.24,1.32,150.55,1.12,465750,20250,10,9256545.00,10,F1,6750,,,,,
2026-01-09,2026-01-09,FO,NSE,STO,83664,,CANBK,,2026-03-30,2026-03-30,128.00,CE,CANBK26MAR128CE,0.00,0.00,0.00,29.51,0.00,29.51,150.55,24.98,0,0,0,0.00,0,F1,6750,,,,,
2026-01-09,2026-01-09,FO,NSE,STO,83210,,CANBK,,2026-02-24,2026-02-24,162.00,CE,CANBK26FEB162CE,0.00,0.00,0.00,6.54,0.00,6.54,150.55,2.54,0,0,0,0.00,0,F1,6750,,,,,
2026-01-09,2026-01-09,FO,NSE,STO,83122,,CANBK,,2026-02-24,2026-02-24,144.00,CE,CANBK26FEB144CE,0.00,0.00,0.00,14.28,0.00,14.28,150.55,10.56,0,0,0,0.00,0,F1,6750,,,,,
2026-01-09,2026-01-09,FO,NSE,STO,83352,,CANBK,,2026-02-24,2026-02-24,143.00,CE,CANBK26FEB143CE,0.00,0.00,0.00,15.83,0.00,15.83,150.55,11.24,0,0,0,0.00,0,F1,6750,,,,,
2026-01-09,2026-01-09,FO,NSE,STO,83127,,CANBK,,2026-02-24,2026-02-24,148.00,PE,CANBK26FEB148PE,0.00,0.00,0.00,9.25,0.00,9.25,150.55,4.52,0,0,0,0.00,0,F1,6750,,,,,
2026-01-09,2026-01-09,FO,NSE,STO,83137,,CANBK,,2026-02-24,2026-02-24,150.00,PE,CANBK26FEB150PE,4.81,5.45,4.50,5.00,5.00,5.56,150.55,5.42,1005750,486000,115,120175380.00,71,F1,6750,,,,,
2026-01-09,2026-01-09,FO,NSE,STO,83220,,CANBK,,2026-02-24,2026-02-24,170.00,PE,CANBK26FEB170PE,0.00,0.00,0.00,17.00,17.00,17.00,150.55,19.39,101250,0,0,0.00,0,F1,6750,,,,,
2026-01-09,2026-01-09,FO,NSE,STO,83669,,CANBK,,2026-03-30,2026-03-30,132.00,PE,CANBK26MAR132PE,0.00,0.00,0.00,2.26,0.00,2.26,150.55,1.44,0,0,0,0.00,0,F1,6750,,,,,
2026-01-09,2026-01-09,FO,NSE,STO,83718,,CANBK,,2026-03-30,2026-03-30,162.00,CE,CANBK26MAR162CE,0.00,0.00,0.00,8.47,0.00,8.47,150.55,4.53,0,0,0,0.00,0,F1,6750,,,,,
2026-01-09,2026-01-09,FO,NSE,STO,83672,,CANBK,,2026-03-30,2026-03-30,136.00,CE,CANBK26MAR136CE,0.00,0.00,0.00,23.15,0.00,23.15,150.55,18.38,0,0,0,0.00,0,F1,6750,,,,,
2026-01-09,2026-01-09,FO,NSE,STO,76034,,CANBK,,2026-01-27,2026-01-27,128.00,PE,CANBK26JAN128PE,0.00,0.00,0.00,0.13,0.13,0.13,150.55,0.02,297000,0,0,0.00,0,F1,6750,,,,,
2026-01-09,2026-01-09,FO,NSE,STO,83370,,CANBK,,2026-02-24,2026-02-24,159.00,CE,CANBK26FEB159CE,0.00,0.00,0.00,5.27,5.27,5.27,150.55,3.35,13500,0,0,0.00,0,F1,6750,,,,,
2026-01-09,2026-01-09,FO,NSE,STO,83205,,CANBK,,2026-02-24,2026-02-24,158.00,CE,CANBK26FEB158CE,0.00,0.00,0.00,3.74,4.16,3.74,150.55,3.66,6750,0,0,0.00,0,F1,6750,,,,,
2026-01-09,2026-01-09,FO,NSE,STO,83358,,CANBK,,2026-02-24,2026-02-24,147.00,CE,CANBK26FEB147CE,0.00,0.00,0.00,13.18,0.00,13.18,150.55,8.67,0,0,0,0.00,0,F1,6750,,,,,
2026-01-09,2026-01-09,FO,NSE,STO,83114,,CANBK,,2026-02-24,2026-02-24,136.00,CE,CANBK26FEB136CE,0.00,0.00,0.00,19.23,0.00,19.23,150.55,16.61,0,0,0,0.00,0,F1,6750,,,,,
2026-01-09,2026-01-09,FO,NSE,STO,83106,,CANBK,,2026-02-24,2026-02-24,130.00,CE,CANBK26FEB130CE,0.00,0.00,0.00,23.53,0.00,23.53,150.55,21.88,0,0,0,0.00,0,F1,6750,,,,,
2026-01-09,2026-01-09,FO,NSE,STO,76069,,CANBK,,2026-01-27,2026-01-27,164.00,CE,CANBK26JAN164CE,0.50,0.75,0.50,0.60,0.59,0.60,150.55,0.60,1572750,-40500,93,103373212.50,73,F1,6750,,,,,
2026-01-09,2026-01-09,FO,NSE,STO,76061,,CANBK,,2026-01-27,2026-01-27,156.00,CE,CANBK26JAN156CE,2.26,2.60,1.87,2.02,2.05,1.98,150.55,2.02,3631500,175500,485,517802287.50,418,F1,6750,,,,,
2026-01-09,2026-01-09,FO,NSE,STO,76059,,CANBK,,2026-01-27,2026-01-27,154.00,CE,CANBK26JAN154CE,2.84,3.43,2.49,2.67,2.70,2.61,150.55,2.67,2632500,-573750,842,892181992.50,676,F1,6750,,,,,
2026-01-09,2026-01-09,FO,NSE,STO,82886,,CANBK,,2026-01-27,2026-01-27,149.00,CE,CANBK26JAN149CE,5.35,6.14,4.67,4.90,4.86,4.68,150.55,4.90,243000,-13500,70,72904725.00,68,F1,6750,,,,,
2026-01-09,2026-01-09,FO,NSE,STO,82878,,CANBK,,2026-01-27,2026-01-27,141.00,CE,CANBK26JAN141CE,0.00,0.00,0.00,14.01,0.00,14.01,150.55,10.64,0,0,0,0.00,0,F1,6750,,,,,
2026-01-09,2026-01-09,FO,NSE,STO,82879,,CANBK,,2026-01-27,2026-01-27,141.00,PE,CANBK26JAN141PE,0.98,1.06,0.67,0.87,0.85,0.97,150.55,0.87,263250,13500,36,34471035.00,31,F1,6750,,,,,
2026-01-09,2026-01-09,FO,NSE,STO,83767,,CANBK,,2026-03-30,2026-03-30,166.00,PE,CANBK26MAR166PE,0.00,0.00,0.00,16.57,0.00,16.57,150.55,16.91,0,0,0,0.00,0,F1,6750,,,,,
2026-01-09,2026-01-09,FO,NSE,STO,83756,,CANBK,,2026-03-30,2026-03-30,164.00,PE,CANBK26MAR164PE,0.00,0.00,0.00,15.28,0.00,15.28,150.55,15.45,0,0,0,0.00,0,F1,6750,,,,,
2026-01-09,2026-01-09,FO,NSE,STO,83719,,CANBK,,2026-03-30,2026-03-30,162.00,PE,CANBK26MAR162PE,0.00,0.00,0.00,14.05,0.00,14.05,150.55,14.04,0,0,0,0.00,0,F1,6750,,,,,
2026-01-09,2026-01-09,FO,NSE,STO,83709,,CANBK,,2026-03-30,2026-03-30,154.00,PE,CANBK26MAR154PE,0.00,0.00,0.00,9.64,0.00,9.64,150.55,9.06,0,0,0,0.00,0,F1,6750,,,,,
2026-01-09,2026-01-09,FO,NSE,STO,83123,,CANBK,,2026-02-24,2026-02-24,144.00,PE,CANBK26FEB144PE,0.00,0.00,0.00,3.00,3.00,3.00,150.55,3.01,189000,0,0,0.00,0,F1,6750,,,,,
2026-01-09,2026-01-09,FO,NSE,STO,83105,,CANBK,,2026-02-24,2026-02-24,128.00,PE,CANBK26FEB128PE,0.00,0.00,0.00,2.45,0.00,2.45,150.55,0.31,0,0,0,0.00,0,F1,6750,,,,,
2026-01-09,2026-01-09,FO,NSE,STO,76078,,CANBK,,2026-01-27,2026-01-27,176.00,PE,CANBK26JAN176PE,24.45,24.45,23.80,23.96,23.96,20.20,150.55,25.00,398250,-33750,7,9452565.00,3,F1,6750,,,,,
2026-01-09,2026-01-09,FO,NSE,STO,82897,,CANBK,,2026-01-27,2026-01-27,159.00,PE,CANBK26JAN159PE,0.00,0.00,0.00,9.75,9.75,9.75,150.55,9.22,249750,0,0,0.00,0,F1,6750,,,,,
2026-01-09,2026-01-09,FO,NSE,STO,82885,,CANBK,,2026-01-27,2026-01-27,147.00,PE,CANBK26JAN147PE,2.20,2.72,1.68,2.33,2.27,2.65,150.55,2.33,2153250,175500,280,281808720.00,243,F1,6750,,,,,
2026-01-09,2026-01-09,FO,NSE,STO,76052,,CANBK,,2026-01-27,2026-01-27,146.00,PE,CANBK26JAN146PE,2.00,2.36,1.45,2.04,2.01,2.21,150.55,2.04,1464750,283500,190,189635647.50,146,F1,6750,,,,,
2026-01-09,2026-01-09,FO,NSE,STO,83217,,CANBK,,2026-02-24,2026-02-24,168.00,CE,CANBK26FEB168CE,0.00,0.00,0.00,2.20,2.20,2.20,150.55,1.38,33750,0,0,0.00,0,F1,6750,,,,,
2026-01-09,2026-01-09,FO,NSE,STO,76041,,CANBK,,2026-01-27,2026-01-27,136.00,CE,CANBK26JAN136CE,0.00,0.00,0.00,16.25,16.25,16.25,150.55,15.13,47250,0,0,0.00,0,F1,6750,,,,,
2026-01-09,2026-01-09,FO,NSE,STO,82870,,CANBK,,2026-01-27,2026-01-27,133.00,CE,CANBK26JAN133CE,0.00,0.00,0.00,23.77,23.77,23.77,150.55,18.00,20250,0,0,0.00,0,F1,6750,,,,,
2026-01-09,2026-01-09,FO,NSE,STO,83368,,CANBK,,2026-02-24,2026-02-24,157.00,CE,CANBK26FEB157CE,0.00,0.00,0.00,7.86,0.00,7.86,150.55,4.00,0,0,0,0.00,0,F1,6750,,,,,
2026-01-09,2026-01-09,FO,NSE,STO,83372,,CANBK,,2026-02-24,2026-02-24,161.00,CE,CANBK26FEB161CE,0.00,0.00,0.00,6.24,0.00,6.24,150.55,2.79,0,0,0,0.00,0,F1,6750,,,,,
2026-01-09,2026-01-09,FO,NSE,STO,83691,,CANBK,,2026-03-30,2026-03-30,148.00,CE,CANBK26MAR148CE,0.00,0.00,0.00,15.17,0.00,15.17,150.55,10.42,0,0,0,0.00,0,F1,6750,,,,,
2026-01-09,2026-01-09,FO,NSE,STO,83776,,CANBK,,2026-03-30,2026-03-30,172.00,CE,CANBK26MAR172CE,0.00,0.00,0.00,5.29,0.00,5.29,150.55,2.24,0,0,0,0.00,0,F1,6750,,,,,
2026-01-09,2026-01-09,FO,NSE,STO,76076,,CANBK,,2026-01-27,2026-01-27,172.00,PE,CANBK26JAN172PE,0.00,0.00,0.00,40.35,0.00,40.35,150.55,21.07,0,0,0,0.00,0,F1,6750,,,,,
2026-01-09,2026-01-09,FO,NSE,STO,83111,,CANBK,,2026-02-24,2026-02-24,132.00,PE,CANBK26FEB132PE,0.00,0.00,0.00,3.37,0.00,3.37,150.55,0.61,0,0,0,0.00,0,F1,6750,,,,,
2026-01-09,2026-01-09,FO,NSE,STO,83113,,CANBK,,2026-02-24,2026-02-24,134.00,PE,CANBK26FEB134PE,0.00,0.00,0.00,3.90,0.00,3.90,150.55,0.83,0,0,0,0.00,0,F1,6750,,,,,
2026-01-09,2026-01-09,FO,NSE,STO,83359,,CANBK,,2026-02-24,2026-02-24,147.00,PE,CANBK26FEB147PE,0.00,0.00,0.00,4.79,0.00,4.79,150.55,4.10,0,0,0,0.00,0,F1,6750,,,,,
2026-01-09,2026-01-09,FO,NSE,STO,83369,,CANBK,,2026-02-24,2026-02-24,157.00,PE,CANBK26FEB157PE,0.00,0.00,0.00,7.25,7.25,7.25,150.55,9.36,47250,0,0,0.00,0,F1,6750,,,,,
2026-01-09,2026-01-09,FO,NSE,STO,83222,,CANBK,,2026-02-24,2026-02-24,172.00,PE,CANBK26FEB172PE,0.00,0.00,0.00,24.70,0.00,24.70,150.55,21.15,0,0,0,0.00,0,F1,6750,,,,,
2026-01-09,2026-01-09,FO,NSE,STO,83681,,CANBK,,2026-03-30,2026-03-30,140.00,PE,CANBK26MAR140PE,0.00,0.00,0.00,4.17,0.00,4.17,150.55,3.21,0,0,0,0.00,0,F1,6750,,,,,
2026-01-09,2026-01-09,FO,NSE,STO,83124,,CANBK,,2026-02-24,2026-02-24,146.00,CE,CANBK26FEB146CE,0.00,0.00,0.00,13.20,0.00,13.20,150.55,9.27,0,0,0,0.00,0,F1,6750,,,,,
2026-01-09,2026-01-09,FO,NSE,STO,83118,,CANBK,,2026-02-24,2026-02-24,140.00,CE,CANBK26FEB140CE,0.00,0.00,0.00,12.99,12.99,12.99,150.55,13.41,13500,0,0,0.00,0,F1,6750,,,,,
2026-01-09,2026-01-09,FO,NSE,STO,82884,,CANBK,,2026-01-27,2026-01-27,147.00,CE,CANBK26JAN147CE,6.20,7.18,6.20,7.18,7.18,5.79,150.55,6.13,303750,6750,2,2074815.00,2,F1,6750,,,,,
2026-01-09,2026-01-09,FO,NSE,STO,82880,,CANBK,,2026-01-27,2026-01-27,143.00,CE,CANBK26JAN143CE,0.00,0.00,0.00,8.80,8.80,8.80,150.55,9.00,67500,0,0,0.00,0,F1,6750,,,,,
2026-01-09,2026-01-09,FO,NSE,STO,76045,,CANBK,,2026-01-27,2026-01-27,140.00,CE,CANBK26JAN140CE,11.80,13.32,11.30,11.50,11.50,11.08,150.55,11.50,3017250,486000,273,281565112.50,124,F1,6750,,,,,
2026-01-09,2026-01-09,FO,NSE,STO,76043,,CANBK,,2026-01-27,2026-01-27,138.00,CE,CANBK26JAN138CE,0.00,0.00,0.00,14.71,14.71,14.71,150.55,13.28,54000,0,0,0.00,0,F1,6750,,,,,
2026-01-09,2026-01-09,FO,NSE,STO,82876,,CANBK,,2026-01-27,2026-01-27,139.00,CE,CANBK26JAN139CE,0.00,0.00,0.00,14.75,14.75,14.75,150.55,12.37,60750,0,0,0.00,0,F1,6750,,,,,
2026-01-09,2026-01-09,FO,NSE,STO,82882,,CANBK,,2026-01-27,2026-01-27,145.00,CE,CANBK26JAN145CE,8.08,8.76,7.16,7.64,7.74,7.20,150.55,7.64,1458000,-87750,57,58883962.50,44,F1,6750,,,,,
2026-01-09,2026-01-09,FO,NSE,STO,76051,,CANBK,,2026-01-27,2026-01-27,146.00,CE,CANBK26JAN146CE,0.00,0.00,0.00,8.60,8.60,8.60,150.55,6.79,141750,0,0,0.00,0,F1,6750,,,,,
2026-01-09,2026-01-09,FO,NSE,STO,82892,,CANBK,,2026-01-27,2026-01-27,155.00,CE,CANBK26JAN155CE,2.40,2.99,2.17,2.33,2.37,2.25,150.55,2.33,20304000,-1498500,2526,2685944002.50,2161,F1,6750,,,,,
2026-01-09,2026-01-09,FO,NSE,STO,38905,,CANBK,,2026-01-27,2026-01-27,170.00,CE,CANBK26JAN170CE,0.27,0.31,0.23,0.24,0.24,0.26,150.55,0.24,1863000,-256500,153,175836960.00,124,F1,6750,,,,,
2026-01-09,2026-01-09,FO,NSE,STO,83346,,CANBK,,2026-02-24,2026-02-24,139.00,CE,CANBK26FEB139CE,0.00,0.00,0.00,18.74,0.00,18.74,150.55,14.18,0,0,0,0.00,0,F1,6750,,,,,
2026-01-09,2026-01-09,FO,NSE,STO,83366,,CANBK,,2026-02-24,2026-02-24,155.00,CE,CANBK26FEB155CE,4.38,5.25,4.25,4.50,4.50,4.25,150.55,4.73,324000,67500,35,37722375.00,20,F1,6750,,,,,
2026-01-09,2026-01-09,FO,NSE,STO,83374,,CANBK,,2026-02-24,2026-02-24,163.00,CE,CANBK26FEB163CE,0.00,0.00,0.00,5.53,0.00,5.53,150.55,2.30,0,0,0,0.00,0,F1,6750,,,,,
2026-01-09,2026-01-09,FO,NSE,STO,83708,,CANBK,,2026-03-30,2026-03-30,154.00,CE,CANBK26MAR154CE,0.00,0.00,0.00,11.96,0.00,11.96,150.55,7.45,0,0,0,0.00,0,F1,6750,,,,,
2026-01-09,2026-01-09,FO,NSE,STO,83710,,CANBK,,2026-03-30,2026-03-30,156.00,CE,CANBK26MAR156CE,0.00,0.00,0.00,11.00,0.00,11.00,150.55,6.62,0,0,0,0.00,0,F1,6750,,,,,
2026-01-09,2026-01-09,FO,NSE,STO,83770,,CANBK,,2026-03-30,2026-03-30,168.00,CE,CANBK26MAR168CE,0.00,0.00,0.00,6.42,0.00,6.42,150.55,3.00,0,0,0,0.00,0,F1,6750,,,,,
2026-01-09,2026-01-09,FO,NSE,STO,76036,,CANBK,,2026-01-27,2026-01-27,130.00,PE,CANBK26JAN130PE,0.14,0.20,0.14,0.16,0.16,0.19,150.55,0.16,1356750,-81000,178,156387712.50,133,F1,6750,,,,,
2026-01-09,2026-01-09,FO,NSE,STO,82873,,CANBK,,2026-01-27,2026-01-27,135.00,PE,CANBK26JAN135PE,0.38,0.41,0.25,0.32,0.31,0.38,150.55,0.32,1377000,-13500,169,154390860.00,131,F1,6750,,,,,
2026-01-09,2026-01-09,FO,NSE,STO,82883,,CANBK,,2026-01-27,2026-01-27,145.00,PE,CANBK26JAN145PE,1.29,2.09,1.25,1.72,1.65,1.97,150.55,1.72,6594750,-175500,708,700452427.50,521,F1,6750,,,,,
2026-01-09,2026-01-09,FO,NSE,STO,76056,,CANBK,,2026-01-27,2026-01-27,150.00,PE,CANBK26JAN150PE,3.67,4.08,2.66,3.54,3.42,3.91,150.55,3.54,10536750,351000,1982,2050864312.50,1710,F1,6750,,,,,
2026-01-09,2026-01-09,FO,NSE,STO,82891,,CANBK,,2026-01-27,2026-01-27,153.00,PE,CANBK26JAN153PE,5.13,5.79,3.92,5.17,4.97,5.70,150.55,5.17,1856250,-243000,276,293769450.00,248,F1,6750,,,,,
2026-01-09,2026-01-09,FO,NSE,STO,76068,,CANBK,,2026-01-27,2026-01-27,162.00,PE,CANBK26JAN162PE,12.00,12.00,11.32,11.32,11.32,12.24,150.55,11.72,182250,-13500,2,2344410.00,2,F1,6750,,,,,
2026-01-09,2026-01-09,FO,NSE,STO,76070,,CANBK,,2026-01-27,2026-01-27,164.00,PE,CANBK26JAN164PE,15.08,15.08,13.45,13.45,13.45,11.63,150.55,13.49,40500,20250,6,7219732.50,2,F1,6750,,,,,
2026-01-09,2026-01-09,FO,NSE,STO,83119,,CANBK,,2026-02-24,2026-02-24,140.00,PE,CANBK26FEB140PE,2.00,2.00,1.62,1.75,1.75,2.06,150.55,1.75,776250,13500,11,10531687.50,10,F1,6750,,,,,
2026-01-09,2026-01-09,FO,NSE,STO,83363,,CANBK,,2026-02-24,2026-02-24,151.00,PE,CANBK26FEB151PE,0.00,0.00,0.00,6.41,0.00,6.41,150.55,5.91,0,0,0,0.00,0,F1,6750,,,,,
2026-01-09,2026-01-09,FO,NSE,STO,83379,,CANBK,,2026-02-24,2026-02-24,167.00,PE,CANBK26FEB167PE,0.00,0.00,0.00,15.73,0.00,15.73,150.55,16.83,0,0,0,0.00,0,F1,6750,,,,,
2026-01-09,2026-01-09,FO,NSE,STO,83711,,CANBK,,2026-03-30,2026-03-30,156.00,PE,CANBK26MAR156PE,0.00,0.00,0.00,10.66,0.00,10.66,150.55,10.20,0,0,0,0.00,0,F1,6750,,,,,
2026-01-09,2026-01-09,FO,NSE,STO,83799,,CANBK,,2026-03-30,2026-03-30,180.00,PE,CANBK26MAR180PE,0.00,0.00,0.00,26.83,0.00,26.83,150.55,28.49,0,0,0,0.00,0,F1,6750,,,,,
2026-01-09,2026-01-09,FO,NSE,STO,83226,,CANBK,,2026-02-24,2026-02-24,174.00,PE,CANBK26FEB174PE,0.00,0.00,0.00,26.27,0.00,26.27,150.55,22.96,0,0,0,0.00,0,F1,6750,,,,,
2026-01-09,2026-01-09,FO,NSE,STO,83209,,CANBK,,2026-02-24,2026-02-24,160.00,PE,CANBK26FEB160PE,11.10,11.10,11.10,11.10,11.10,9.80,150.55,11.10,351000,0,1,1154925.00,1,F1,6750,,,,,
2026-01-09,2026-01-09,FO,NSE,STO,83367,,CANBK,,2026-02-24,2026-02-24,155.00,PE,CANBK26FEB155PE,0.00,0.00,0.00,8.25,8.25,8.25,150.55,8.11,168750,0,0,0.00,0,F1,6750,,,,,
2026-01-09,2026-01-09,FO,NSE,STO,83199,,CANBK,,2026-02-24,2026-02-24,152.00,PE,CANBK26FEB152PE,5.80,5.80,5.80,5.80,5.80,6.10,150.55,6.42,54000,27000,4,4260600.00,3,F1,6750,,,,,
2026-01-09,2026-01-09,FO,NSE,STO,82910,,CANBK,,2026-01-27,2026-01-27,163.00,PE,CANBK26JAN163PE,0.00,0.00,0.00,11.00,11.00,11.00,150.55,12.59,33750,0,0,0.00,0,F1,6750,,,,,
2026-01-09,2026-01-09,FO,NSE,STO,82877,,CANBK,,2026-01-27,2026-01-27,139.00,PE,CANBK26JAN139PE,0.63,0.79,0.45,0.62,0.61,0.72,150.55,0.62,391500,87750,55,51826095.00,50,F1,6750,,,,,
2026-01-09,2026-01-09,FO,NSE,STO,83689,,CANBK,,2026-03-30,2026-03-30,146.00,CE,CANBK26MAR146CE,0.00,0.00,0.00,16.35,0.00,16.35,150.55,11.56,0,0,0,0.00,0,F1,6750,,,,,
2026-01-09,2026-01-09,FO,NSE,STO,83682,,CANBK,,2026-03-30,2026-03-30,142.00,CE,CANBK26MAR142CE,0.00,0.00,0.00,18.90,0.00,18.90,150.55,14.07,0,0,0,0.00,0,F1,6750,,,,,
2026-01-09,2026-01-09,FO,NSE,STO,83668,,CANBK,,2026-03-30,2026-03-30,132.00,CE,CANBK26MAR132CE,0.00,0.00,0.00,26.24,0.00,26.24,150.55,21.57,0,0,0,0.00,0,F1,6750,,,,,
2026-01-09,2026-01-09,FO,NSE,STO,83378,,CANBK,,2026-02-24,2026-02-24,167.00,CE,CANBK26FEB167CE,0.00,0.00,0.00,4.30,0.00,4.30,150.55,1.54,0,0,0,0.00,0,F1,6750,,,,,
2026-01-09,2026-01-09,FO,NSE,STF,51837,,CANBK,,2026-03-30,2026-03-30,,,CANBK26MARFUT,152.54,154.07,151.73,152.28,152.61,151.36,150.55,152.28,1377000,13500,51,52556782.50,50,F1,6750,,,,,
2026-01-09,2026-01-09,FO,NSE,STO,76033,,CANBK,,2026-01-27,2026-01-27,128.00,CE,CANBK26JAN128CE,0.00,0.00,0.00,25.33,25.33,25.33,150.55,22.91,27000,0,0,0.00,0,F1,6750,,,,,
2026-01-09,2026-01-09,FO,NSE,STO,83362,,CANBK,,2026-02-24,2026-02-24,151.00,CE,CANBK26FEB151CE,0.00,0.00,0.00,10.83,0.00,10.83,150.55,6.50,0,0,0,0.00,0,F1,6750,,,,,
2026-01-09,2026-01-09,FO,NSE,STO,83108,,CANBK,,2026-02-24,2026-02-24,132.00,CE,CANBK26FEB132CE,0.00,0.00,0.00,22.05,0.00,22.05,150.55,20.07,0,0,0,0.00,0,F1,6750,,,,,
2026-01-09,2026-01-09,FO,NSE,STO,83056,,CANBK,,2026-02-24,2026-02-24,128.00,CE,CANBK26FEB128CE,0.00,0.00,0.00,25.07,0.00,25.07,150.55,23.74,0,0,0,0.00,0,F1,6750,,,,,
2026-01-09,2026-01-09,FO,NSE,STO,82909,,CANBK,,2026-01-27,2026-01-27,163.00,CE,CANBK26JAN163CE,0.80,0.90,0.65,0.70,0.71,0.71,150.55,0.70,1350000,-33750,56,61901280.00,55,F1,6750,,,,,
2026-01-09,2026-01-09,FO,NSE,STO,76047,,CANBK,,2026-01-27,2026-01-27,142.00,CE,CANBK26JAN142CE,10.87,10.87,10.13,10.13,10.13,10.87,150.55,9.81,67500,-13500,2,2058750.00,2,F1,6750,,,,,
2026-01-09,2026-01-09,FO,NSE,STO,83777,,CANBK,,2026-03-30,2026-03-30,172.00,PE,CANBK26MAR172PE,0.00,0.00,0.00,20.71,0.00,20.71,150.55,21.63,0,0,0,0.00,0,F1,6750,,,,,
2026-01-09,2026-01-09,FO,NSE,STO,83375,,CANBK,,2026-02-24,2026-02-24,163.00,PE,CANBK26FEB163PE,0.00,0.00,0.00,13.00,0.00,13.00,150.55,13.63,0,0,0,0.00,0,F1,6750,,,,,
2026-01-09,2026-01-09,FO,NSE,STO,83211,,CANBK,,2026-02-24,2026-02-24,162.00,PE,CANBK26FEB162PE,0.00,0.00,0.00,10.50,10.50,10.50,150.55,12.87,141750,0,0,0.00,0,F1,6750,,,,,
2026-01-09,2026-01-09,FO,NSE,STO,83202,,CANBK,,2026-02-24,2026-02-24,156.00,CE,CANBK26FEB156CE,4.19,4.50,4.19,4.50,4.50,4.10,150.55,4.35,101250,0,3,3245940.00,3,F1,6750,,,,,
2026-01-09,2026-01-09,FO,NSE,STO,83674,,CANBK,,2026-03-30,2026-03-30,138.00,CE,CANBK26MAR138CE,0.00,0.00,0.00,21.69,0.00,21.69,150.55,16.87,0,0,0,0.00,0,F1,6750,,,,,
2026-01-09,2026-01-09,FO,NSE,STO,76050,,CANBK,,2026-01-27,2026-01-27,144.00,PE,CANBK26JAN144PE,1.44,1.80,1.07,1.45,1.41,1.66,150.55,1.45,1005750,324000,168,164902432.50,132,F1,6750,,,,,
2026-01-09,2026-01-09,FO,NSE,STO,82912,,CANBK,,2026-01-27,2026-01-27,165.00,PE,CANBK26JAN165PE,0.00,0.00,0.00,12.39,12.39,12.39,150.55,14.40,60750,0,0,0.00,0,F1,6750,,,,,
2026-01-09,2026-01-09,FO,NSE,STO,83715,,CANBK,,2026-03-30,2026-03-30,158.00,PE,CANBK26MAR158PE,0.00,0.00,0.00,11.73,0.00,11.73,150.55,11.41,0,0,0,0.00,0,F1,6750,,,,,
2026-01-09,2026-01-09,FO,NSE,STO,82888,,CANBK,,2026-01-27,2026-01-27,151.00,CE,CANBK26JAN151CE,4.00,4.92,3.64,3.91,3.99,3.94,150.55,3.91,2673000,1127250,954,998988997.50,692,F1,6750,,,,,
2026-01-09,2026-01-09,FO,NSE,STO,82898,,CANBK,,2026-01-27,2026-01-27,161.00,CE,CANBK26JAN161CE,1.14,1.22,0.91,0.95,1.00,0.97,150.55,0.95,1255500,-27000,159,173879662.50,140,F1,6750,,,,,
2026-01-09,2026-01-09,FO,NSE,STO,40771,,CANBK,,2026-01-27,2026-01-27,174.00,CE,CANBK26JAN174CE,0.18,0.18,0.14,0.14,0.14,0.15,150.55,0.05,175500,6750,4,4702185.00,4,F1,6750,,,,,
2026-01-09,2026-01-09,FO,NSE,STO,76077,,CANBK,,2026-01-27,2026-01-27,176.00,CE,CANBK26JAN176CE,0.11,0.15,0.11,0.13,0.13,0.11,150.55,0.13,2106000,135000,76,90351585.00,66,F1,6750,,,,,
2026-01-09,2026-01-09,FO,NSE,STO,83112,,CANBK,,2026-02-24,2026-02-24,134.00,CE,CANBK26FEB134CE,0.00,0.00,0.00,20.61,0.00,20.61,150.55,18.31,0,0,0,0.00,0,F1,6750,,,,,
2026-01-09,2026-01-09,FO,NSE,STO,83196,,CANBK,,2026-02-24,2026-02-24,152.00,CE,CANBK26FEB152CE,5.47,5.47,5.47,5.47,5.47,10.28,150.55,6.02,6750,6750,1,1062922.50,1,F1,6750,,,,,
2026-01-09,2026-01-09,FO,NSE,STO,83364,,CANBK,,2026-02-24,2026-02-24,153.00,CE,CANBK26FEB153CE,0.00,0.00,0.00,6.35,6.35,6.35,150.55,5.57,6750,0,0,0.00,0,F1,6750,,,,,
2026-01-09,2026-01-09,FO,NSE,STO,76073,,CANBK,,2026-01-27,2026-01-27,168.00,CE,CANBK26JAN168CE,0.33,0.41,0.29,0.33,0.33,0.33,150.55,0.33,4137750,-168750,160,181810237.50,131,F1,6750,,,,,
2026-01-09,2026-01-09,FO,NSE,STO,83348,,CANBK,,2026-02-24,2026-02-24,141.00,CE,CANBK26FEB141CE,0.00,0.00,0.00,17.25,0.00,17.25,150.55,12.67,0,0,0,0.00,0,F1,6750,,,,,
2026-01-09,2026-01-09,FO,NSE,STO,83126,,CANBK,,2026-02-24,2026-02-24,148.00,CE,CANBK26FEB148CE,0.00,0.00,0.00,12.50,12.50,12.50,150.55,8.09,6750,0,0,0.00,0,F1,6750,,,,,
2026-01-09,2026-01-09,FO,NSE,STO,83212,,CANBK,,2026-02-24,2026-02-24,164.00,CE,CANBK26FEB164CE,0.00,0.00,0.00,5.94,0.00,5.94,150.55,2.09,0,0,0,0.00,0,F1,6750,,,,,
2026-01-09,2026-01-09,FO,NSE,STO,83221,,CANBK,,2026-02-24,2026-02-24,172.00,CE,CANBK26FEB172CE,0.00,0.00,0.00,1.59,1.59,1.59,150.55,0.89,13500,0,0,0.00,0,F1,6750,,,,,
2026-01-09,2026-01-09,FO,NSE,STO,83798,,CANBK,,2026-03-30,2026-03-30,180.00,CE,CANBK26MAR180CE,0.00,0.00,0.00,3.52,0.00,3.52,150.55,1.20,0,0,0,0.00,0,F1,6750,,,,,
2026-01-09,2026-01-09,FO,NSE,STO,76040,,CANBK,,2026-01-27,2026-01-27,134.00,PE,CANBK26JAN134PE,0.33,0.35,0.22,0.28,0.27,0.33,150.55,0.28,357750,54000,54,48943170.00,49,F1,6750,,,,,
2026-01-09,2026-01-09,FO,NSE,STO,76064,,CANBK,,2026-01-27,2026-01-27,158.00,PE,CANBK26JAN158PE,0.00,0.00,0.00,8.96,9.17,8.96,150.55,8.44,600750,0,0,0.00,0,F1,6750,,,,,
2026-01-09,2026-01-09,FO,NSE,STO,76066,,CANBK,,2026-01-27,2026-01-27,160.00,PE,CANBK26JAN160PE,10.15,10.92,8.61,10.22,10.13,10.10,150.55,10.22,5413500,-945000,623,715403880.00,289,F1,6750,,,,,
2026-01-09,2026-01-09,FO,NSE,STO,36880,,CANBK,,2026-01-27,2026-01-27,166.00,PE,CANBK26JAN166PE,17.00,17.00,14.00,15.75,15.75,15.30,150.55,15.32,236250,20250,15,18329085.00,10,F1,6750,,,,,
2026-01-09,2026-01-09,FO,NSE,STO,76074,,CANBK,,2026-01-27,2026-01-27,168.00,PE,CANBK26JAN168PE,0.00,0.00,0.00,14.92,14.92,14.92,150.55,17.21,587250,0,0,0.00,0,F1,6750,,,,,
2026-01-09,2026-01-09,FO,NSE,STO,83353,,CANBK,,2026-02-24,2026-02-24,143.00,PE,CANBK26FEB143PE,0.00,0.00,0.00,3.48,0.00,3.48,150.55,2.70,0,0,0,0.00,0,F1,6750,,,,,
2026-01-09,2026-01-09,FO,NSE,STO,83365,,CANBK,,2026-02-24,2026-02-24,153.00,PE,CANBK26FEB153PE,0.00,0.00,0.00,7.32,0.00,7.32,150.55,6.96,0,0,0,0.00,0,F1,6750,,,,,
2026-01-09,2026-01-09,FO,NSE,STO,83206,,CANBK,,2026-02-24,2026-02-24,158.00,PE,CANBK26FEB158PE,0.00,0.00,0.00,14.81,0.00,14.81,150.55,10.02,0,0,0,0.00,0,F1,6750,,,,,
2026-01-09,2026-01-09,FO,NSE,STO,83371,,CANBK,,2026-02-24,2026-02-24,159.00,PE,CANBK26FEB159PE,0.00,0.00,0.00,10.52,0.00,10.52,150.55,10.70,0,0,0,0.00,0,F1,6750,,,,,
2026-01-09,2026-01-09,FO,NSE,STO,83373,,CANBK,,2026-02-24,2026-02-24,161.00,PE,CANBK26FEB161PE,0.00,0.00,0.00,11.72,0.00,11.72,150.55,12.12,0,0,0,0.00,0,F1,6750,,,,,
2026-01-09,2026-01-09,FO,NSE,STO,83377,,CANBK,,2026-02-24,2026-02-24,165.00,PE,CANBK26FEB165PE,0.00,0.00,0.00,12.75,12.75,12.75,150.55,15.20,33750,0,0,0.00,0,F1,6750,,,,,
2026-01-09,2026-01-09,FO,NSE,STO,83688,,CANBK,,2026-03-30,2026-03-30,144.00,PE,CANBK26MAR144PE,0.00,0.00,0.00,5.44,0.00,5.44,150.55,4.50,0,0,0,0.00,0,F1,6750,,,,,
2026-01-09,2026-01-09,FO,NSE,STO,76031,,CANBK,,2026-01-27,2026-01-27,126.00,CE,CANBK26JAN126CE,0.00,0.00,0.00,29.77,29.77,29.77,150.55,24.90,384750,0,0,0.00,0,F1,6750,,,,,
2026-01-09,2026-01-09,FO,NSE,STO,76055,,CANBK,,2026-01-27,2026-01-27,150.00,CE,CANBK26JAN150CE,4.09,5.56,4.09,4.43,4.48,4.21,150.55,4.43,7627500,-101250,1253,1308703702.50,1070,F1,6750,,,,,
2026-01-09,2026-01-09,FO,NSE,STO,82890,,CANBK,,2026-01-27,2026-01-27,153.00,CE,CANBK26JAN153CE,3.05,3.91,2.83,3.03,3.08,2.92,150.55,3.03,4117500,-492750,1494,1576689367.50,1403,F1,6750,,,,,
2026-01-09,2026-01-09,FO,NSE,STO,82911,,CANBK,,2026-01-27,2026-01-27,165.00,CE,CANBK26JAN165CE,0.48,0.66,0.47,0.52,0.52,0.50,150.55,0.52,3206250,-371250,316,353145892.50,263,F1,6750,,,,,
2026-01-09,2026-01-09,FO,NSE,STO,83200,,CANBK,,2026-02-24,2026-02-24,154.00,CE,CANBK26FEB154CE,5.14,5.19,5.06,5.06,5.06,5.94,150.55,5.14,6750,0,3,3222382.50,3,F1,6750,,,,,
2026-01-09,2026-01-09,FO,NSE,STO,76060,,CANBK,,2026-01-27,2026-01-27,154.00,PE,CANBK26JAN154PE,5.83,6.41,4.54,5.74,5.56,6.37,150.55,5.74,1566000,-128250,174,187111890.00,158,F1,6750,,,,,
2026-01-09,2026-01-09,FO,NSE,STO,38906,,CANBK,,2026-01-27,2026-01-27,170.00,PE,CANBK26JAN170PE,18.00,18.00,18.00,18.00,18.00,18.02,150.55,19.12,519750,-67500,10,12690000.00,1,F1,6750,,,,,
2026-01-09,2026-01-09,FO,NSE,STO,83117,,CANBK,,2026-02-24,2026-02-24,138.00,PE,CANBK26FEB138PE,0.00,0.00,0.00,5.13,0.00,5.13,150.55,1.47,0,0,0,0.00,0,F1,6750,,,,,
2026-01-09,2026-01-09,FO,NSE,STO,83218,,CANBK,,2026-02-24,2026-02-24,168.00,PE,CANBK26FEB168PE,0.00,0.00,0.00,21.66,0.00,21.66,150.55,17.67,0,0,0,0.00,0,F1,6750,,,,,
2026-01-09,2026-01-09,FO,NSE,STO,83690,,CANBK,,2026-03-30,2026-03-30,146.00,PE,CANBK26MAR146PE,0.00,0.00,0.00,6.16,0.00,6.16,150.55,5.26,0,0,0,0.00,0,F1,6750,,,,,
2026-01-09,2026-01-09,FO,NSE,STO,76035,,CANBK,,2026-01-27,2026-01-27,130.00,CE,CANBK26JAN130CE,0.00,0.00,0.00,21.30,21.30,21.30,150.55,20.93,357750,0,0,0.00,0,F1,6750,,,,,
2026-01-09,2026-01-09,FO,NSE,STO,82872,,CANBK,,2026-01-27,2026-01-27,135.00,CE,CANBK26JAN135CE,0.00,0.00,0.00,15.36,15.36,15.36,150.55,16.07,148500,0,0,0.00,0,F1,6750,,,,,
2026-01-09,2026-01-09,FO,NSE,STO,76053,,CANBK,,2026-01-27,2026-01-27,148.00,CE,CANBK26JAN148CE,5.77,5.99,5.31,5.67,5.64,7.18,150.55,5.67,310500,60750,29,30082792.50,24,F1,6750,,,,,
2026-01-09,2026-01-09,FO,NSE,STO,76065,,CANBK,,2026-01-27,2026-01-27,160.00,CE,CANBK26JAN160CE,1.05,1.47,1.03,1.13,1.15,1.10,150.55,1.13,18380250,-378000,2214,2409624990.00,1563,F1,6750,,,,,
2026-01-09,2026-01-09,FO,NSE,STO,83695,,CANBK,,2026-03-30,2026-03-30,152.00,CE,CANBK26MAR152CE,0.00,0.00,0.00,12.97,0.00,12.97,150.55,8.36,0,0,0,0.00,0,F1,6750,,,,,
2026-01-09,2026-01-09,FO,NSE,STO,83219,,CANBK,,2026-02-24,2026-02-24,170.00,CE,CANBK26FEB170CE,1.10,1.36,1.10,1.20,1.20,1.16,150.55,1.11,391500,27000,16,18487507.50,16,F1,6750,,,,,
2026-01-09,2026-01-09,FO,NSE,STO,83676,,CANBK,,2026-03-30,2026-03-30,140.00,CE,CANBK26MAR140CE,0.00,0.00,0.00,20.27,0.00,20.27,150.55,15.43,0,0,0,0.00,0,F1,6750,,,,,
2026-01-09,2026-01-09,FO,NSE,STO,82893,,CANBK,,2026-01-27,2026-01-27,155.00,PE,CANBK26JAN155PE,6.81,6.95,5.07,6.44,6.27,6.96,150.55,6.44,6493500,-256500,229,248806687.50,188,F1,6750,,,,,
2026-01-09,2026-01-09,FO,NSE,STO,83376,,CANBK,,2026-02-24,2026-02-24,165.00,CE,CANBK26FEB165CE,0.00,0.00,0.00,2.37,2.37,2.37,150.55,1.89,20250,0,0,0.00,0,F1,6750,,,,,
2026-01-09,2026-01-09,FO,NSE,STO,83136,,CANBK,,2026-02-24,2026-02-24,150.00,CE,CANBK26FEB150CE,6.84,7.50,6.50,6.50,6.50,6.50,150.55,7.00,229500,87750,23,24362572.50,19,F1,6750,,,,,
2026-01-09,2026-01-09,FO,NSE,STO,83116,,CANBK,,2026-02-24,2026-02-24,138.00,CE,CANBK26FEB138CE,0.00,0.00,0.00,17.90,0.00,17.90,150.55,14.97,0,0,0,0.00,0,F1,6750,,,,,
2026-01-09,2026-01-09,FO,NSE,STO,83675,,CANBK,,2026-03-30,2026-03-30,138.00,PE,CANBK26MAR138PE,0.00,0.00,0.00,3.61,0.00,3.61,150.55,2.67,0,0,0,0.00,0,F1,6750,,,,,
2026-01-09,2026-01-09,FO,NSE,STO,83694,,CANBK,,2026-03-30,2026-03-30,150.00,PE,CANBK26MAR150PE,0.00,0.00,0.00,7.79,0.00,7.79,150.55,7.00,0,0,0,0.00,0,F1,6750,,,,,
2026-01-09,2026-01-09,FO,NSE,STO,83686,,CANBK,,2026-03-30,2026-03-30,142.00,PE,CANBK26MAR142PE,0.00,0.00,0.00,4.77,0.00,4.77,150.55,3.82,0,0,0,0.00,0,F1,6750,,,,,
2026-01-09,2026-01-09,FO,NSE,STO,82875,,CANBK,,2026-01-27,2026-01-27,137.00,PE,CANBK26JAN137PE,0.00,0.00,0.00,0.26,0.27,0.26,150.55,0.27,398250,0,0,0.00,0,F1,6750,,,,,
2026-01-09,2026-01-09,FO,NSE,STO,76048,,CANBK,,2026-01-27,2026-01-27,142.00,PE,CANBK26JAN142PE,1.05,1.31,0.74,1.04,0.99,1.24,150.55,1.04,1964250,330750,130,125413042.50,79,F1,6750,,,,,
2026-01-09,2026-01-09,FO,NSE,STO,82896,,CANBK,,2026-01-27,2026-01-27,159.00,CE,CANBK26JAN159CE,1.30,1.70,1.25,1.32,1.33,1.31,150.55,1.32,1201500,108000,168,181905885.00,153,F1,6750,,,,,
2026-01-09,2026-01-09,FO,NSE,STO,76067,,CANBK,,2026-01-27,2026-01-27,162.00,CE,CANBK26JAN162CE,0.90,1.07,0.75,0.82,0.84,0.83,150.55,0.82,1761750,-60750,99,108858532.50,89,F1,6750,,,,,
2026-01-09,2026-01-09,FO,NSE,STO,83696,,CANBK,,2026-03-30,2026-03-30,152.00,PE,CANBK26MAR152PE,0.00,0.00,0.00,8.69,0.00,8.69,150.55,7.99,0,0,0,0.00,0,F1,6750,,,,,
2026-01-09,2026-01-09,FO,NSE,STO,83673,,CANBK,,2026-03-30,2026-03-30,136.00,PE,CANBK26MAR136PE,0.00,0.00,0.00,3.11,0.00,3.11,150.55,2.20,0,0,0,0.00,0,F1,6750,,,,,
2026-01-09,2026-01-09,FO,NSE,STO,83228,,CANBK,,2026-02-24,2026-02-24,176.00,PE,CANBK26FEB176PE,0.00,0.00,0.00,27.88,0.00,27.88,150.55,24.79,0,0,0,0.00,0,F1,6750,,,,,
2026-01-09,2026-01-09,FO,NSE,STO,83215,,CANBK,,2026-02-24,2026-02-24,166.00,PE,CANBK26FEB166PE,0.00,0.00,0.00,20.19,0.00,20.19,150.55,16.01,0,0,0,0.00,0,F1,6750,,,,,
2026-01-09,2026-01-09,FO,NSE,STO,83201,,CANBK,,2026-02-24,2026-02-24,154.00,PE,CANBK26FEB154PE,0.00,0.00,0.00,12.42,0.00,12.42,150.55,7.53,0,0,0,0.00,0,F1,6750,,,,,
2026-01-09,2026-01-09,FO,NSE,STF,59283,,CANBK,,2026-02-24,2026-02-24,,,CANBK26FEBFUT,149.76,153.35,149.60,151.50,151.70,150.70,150.55,151.50,8592750,499500,578,592155697.50,546,F1,6750,,,,,
2026-01-09,2026-01-09,FO,NSE,STO,76037,,CANBK,,2026-01-27,2026-01-27,132.00,CE,CANBK26JAN132CE,0.00,0.00,0.00,20.90,20.90,20.90,150.55,18.97,13500,0,0,0.00,0,F1,6750,,,,,
2026-01-09,2026-01-09,FO,NSE,STO,76057,,CANBK,,2026-01-27,2026-01-27,152.00,CE,CANBK26JAN152CE,3.69,4.40,3.25,3.45,3.50,3.35,150.55,3.45,2727000,67500,1164,1224150705.00,1039,F1,6750,,,,,
2026-01-09,2026-01-09,FO,NSE,STO,83795,,CANBK,,2026-03-30,2026-03-30,176.00,PE,CANBK26MAR176PE,0.00,0.00,0.00,23.70,0.00,23.70,150.55,24.99,0,0,0,0.00,0,F1,6750,,,,,
2026-01-09,2026-01-09,FO,NSE,STO,83665,,CANBK,,2026-03-30,2026-03-30,128.00,PE,CANBK26MAR128PE,0.00,0.00,0.00,1.59,0.00,1.59,150.55,0.90,0,0,0,0.00,0,F1,6750,,,,,
2026-01-09,2026-01-09,FO,NSE,STO,83203,,CANBK,,2026-02-24,2026-02-24,156.00,PE,CANBK26FEB156PE,0.00,0.00,0.00,13.59,0.00,13.59,150.55,8.73,0,0,0,0.00,0,F1,6750,,,,,
2026-01-09,2026-01-09,FO,NSE,STO,76062,,CANBK,,2026-01-27,2026-01-27,156.00,PE,CANBK26JAN156PE,7.25,7.71,5.77,7.71,7.71,7.61,150.55,6.96,1174500,-135000,37,40620217.50,33,F1,6750,,,,,
2026-01-09,2026-01-09,FO,NSE,STO,83717,,CANBK,,2026-03-30,2026-03-30,160.00,PE,CANBK26MAR160PE,0.00,0.00,0.00,12.86,0.00,12.86,150.55,12.69,0,0,0,0.00,0,F1,6750,,,,,
2026-01-09,2026-01-09,FO,NSE,STO,83771,,CANBK,,2026-03-30,2026-03-30,168.00,PE,CANBK26MAR168PE,0.00,0.00,0.00,17.90,0.00,17.90,150.55,18.43,0,0,0,0.00,0,F1,6750,,,,,
2026-01-09,2026-01-09,FO,NSE,STO,83125,,CANBK,,2026-02-24,2026-02-24,146.00,PE,CANBK26FEB146PE,0.00,0.00,0.00,8.31,0.00,8.31,150.55,3.72,0,0,0,0.00,0,F1,6750,,,,,
2026-01-09,2026-01-09,FO,NSE,STO,83347,,CANBK,,2026-02-24,2026-02-24,139.00,PE,CANBK26FEB139PE,0.00,0.00,0.00,2.43,0.00,2.43,150.55,1.67,0,0,0,0.00,0,F1,6750,,,,,
2026-01-09,2026-01-09,FO,NSE,STO,82908,,CANBK,,2026-01-27,2026-01-27,161.00,PE,CANBK26JAN161PE,0.00,0.00,0.00,8.95,8.95,8.95,150.55,10.86,81000,0,0,0.00,0,F1,6750,,,,,
2026-01-09,2026-01-09,FO,NSE,STO,76058,,CANBK,,2026-01-27,2026-01-27,152.00,PE,CANBK26JAN152PE,4.38,5.13,3.50,4.50,4.46,5.01,150.55,4.50,2058750,-432000,640,674574007.50,597,F1,6750,,,,,
2026-01-09,2026-01-09,FO,NSE,STO,82889,,CANBK,,2026-01-27,2026-01-27,151.00,PE,CANBK26JAN151PE,3.96,4.60,3.05,4.03,3.88,4.17,150.55,4.03,3199500,1026000,779,814090365.00,574,F1,6750,,,,,
2026-01-09,2026-01-09,FO,NSE,STO,76032,,CANBK,,2026-01-27,2026-01-27,126.00,PE,CANBK26JAN126PE,0.08,0.12,0.08,0.11,0.11,0.10,150.55,0.11,465750,40500,29,24684952.50,26,F1,6750,,,,,
2026-01-09,2026-01-09,FO,NSE,STO,83766,,CANBK,,2026-03-30,2026-03-30,166.00,CE,CANBK26MAR166CE,0.00,0.00,0.00,7.06,0.00,7.06,150.55,3.45,0,0,0,0.00,0,F1,6750,,,,,
2026-01-09,2026-01-09,FO,NSE,STO,83716,,CANBK,,2026-03-30,2026-03-30,160.00,CE,CANBK26MAR160CE,0.00,0.00,0.00,9.26,0.00,9.26,150.55,5.16,0,0,0,0.00,0,F1,6750,,,,,
2026-01-09,2026-01-09,FO,NSE,STO,83227,,CANBK,,2026-02-24,2026-02-24,176.00,CE,CANBK26FEB176CE,0.00,0.00,0.00,0.80,0.80,0.80,150.55,0.56,222750,0,0,0.00,0,F1,6750,,,,,
2026-01-09,2026-01-09,FO,NSE,STO,83214,,CANBK,,2026-02-24,2026-02-24,166.00,CE,CANBK26FEB166CE,0.00,0.00,0.00,5.38,0.00,5.38,150.55,1.70,0,0,0,0.00,0,F1,6750,,,,,
2026-01-09,2026-01-09,FO,NSE,STO,83354,,CANBK,,2026-02-24,2026-02-24,145.00,CE,CANBK26FEB145CE,0.00,0.00,0.00,14.46,0.00,14.46,150.55,9.90,0,0,0,0.00,0,F1,6750,,,,,
2026-01-09,2026-01-09,FO,NSE,STO,36878,,CANBK,,2026-01-27,2026-01-27,166.00,CE,CANBK26JAN166CE,0.46,0.55,0.40,0.45,0.46,0.46,150.55,0.45,2450250,-20250,68,76412632.50,64,F1,6750,,,,,
2026-01-09,2026-01-09,FO,NSE,STO,82894,,CANBK,,2026-01-27,2026-01-27,157.00,CE,CANBK26JAN157CE,1.90,2.25,1.61,1.76,1.77,1.72,150.55,1.76,3969000,20250,357,382875120.00,304,F1,6750,,,,,
2026-01-09,2026-01-09,FO,NSE,STF,49329,,CANBK,,2026-01-27,2026-01-27,,,CANBK26JANFUT,149.00,152.90,148.41,150.86,151.01,150.21,150.55,150.86,138213000,-1633500,5531,5652395797.50,4974,F1,6750,,,,,
2026-01-09,2026-01-09,FO,NSE,STO,76042,,CANBK,,2026-01-27,2026-01-27,136.00,PE,CANBK26JAN136PE,0.55,0.55,0.30,0.38,0.36,0.46,150.55,0.38,830250,54000,56,51559267.50,55,F1,6750,,,,,
2026-01-09,2026-01-09,FO,NSE,STO,76038,,CANBK,,2026-01-27,2026-01-27,132.00,PE,CANBK26JAN132PE,0.21,0.21,0.17,0.17,0.17,0.26,150.55,0.06,425250,-13500,20,17846122.50,17,F1,6750,,,,,
2026-01-09,2026-01-09,FO,NSE,STO,83225,,CANBK,,2026-02-24,2026-02-24,174.00,CE,CANBK26FEB174CE,0.00,0.00,0.00,1.38,1.38,1.38,150.55,0.71,27000,0,0,0.00,0,F1,6750,,,,,
2026-01-09,2026-01-09,FO,NSE,STO,83208,,CANBK,,2026-02-24,2026-02-24,160.00,CE,CANBK26FEB160CE,3.01,3.35,2.75,2.88,2.97,2.41,150.55,2.88,675000,67500,28,30802410.00,28,F1,6750,,,,,
2026-01-09,2026-01-09,FO,NSE,STO,76075,,CANBK,,2026-01-27,2026-01-27,172.00,CE,CANBK26JAN172CE,0.20,0.23,0.18,0.20,0.21,0.19,150.55,0.20,864000,-108000,52,60445237.50,38,F1,6750,,,,,
2026-01-09,2026-01-09,FO,NSE,STO,82913,,CANBK,,2026-01-27,2026-01-27,167.00,CE,CANBK26JAN167CE,0.36,0.49,0.36,0.38,0.38,0.40,150.55,0.38,330750,-40500,22,24862680.00,22,F1,6750,,,,,
2026-01-09,2026-01-09,FO,NSE,STO,76049,,CANBK,,2026-01-27,2026-01-27,144.00,CE,CANBK26JAN144CE,0.00,0.00,0.00,8.22,7.74,8.22,150.55,8.23,114750,0,0,0.00,0,F1,6750,,,,,
2026-01-09,2026-01-09,FO,NSE,STO,82874,,CANBK,,2026-01-27,2026-01-27,137.00,CE,CANBK26JAN137CE,0.00,0.00,0.00,18.70,18.70,18.70,150.55,14.19,182250,0,0,0.00,0,F1,6750,,,,,
2026-01-09,2026-01-09,FO,NSE,STO,76039,,CANBK,,2026-01-27,2026-01-27,134.00,CE,CANBK26JAN134CE,0.00,0.00,0.00,19.43,19.43,19.43,150.55,17.03,13500,0,0,0.00,0,F1,6750,,,,,
2026-01-09,2026-01-09,FO,NSE,STO,76046,,CANBK,,2026-01-27,2026-01-27,140.00,PE,CANBK26JAN140PE,0.68,0.97,0.54,0.75,0.72,0.87,150.55,0.75,6399000,371250,399,378987997.50,295,F1,6750,,,,,
2026-01-09,2026-01-09,FO,NSE,STO,82914,,CANBK,,2026-01-27,2026-01-27,167.00,PE,CANBK26JAN167PE,0.00,0.00,0.00,19.95,0.00,19.95,150.55,16.26,0,0,0,0.00,0,F1,6750,,,,,
2026-01-09,2026-01-09,FO,NSE,STO,82895,,CANBK,,2026-01-27,2026-01-27,157.00,PE,CANBK26JAN157PE,7.50,7.87,6.88,7.70,7.67,8.60,150.55,7.70,1194750,13500,20,22187722.50,20,F1,6750,,,,,
2026-01-09,2026-01-09,FO,NSE,STO,82887,,CANBK,,2026-01-27,2026-01-27,149.00,PE,CANBK26JAN149PE,3.76,3.76,2.30,3.10,3.00,3.48,150.55,3.10,1147500,256500,435,446129842.50,394,F1,6750,,,,,
2026-01-09,2026-01-09,FO,NSE,STO,76044,,CANBK,,2026-01-27,2026-01-27,138.00,PE,CANBK26JAN138PE,0.53,0.69,0.38,0.53,0.52,0.61,150.55,0.53,567000,20250,63,58905900.00,60,F1,6750,,,,,
2026-01-09,2026-01-09,FO,NSE,STO,82871,,CANBK,,2026-01-27,2026-01-27,133.00,PE,CANBK26JAN133PE,0.05,0.21,0.05,0.20,0.20,0.22,150.55,0.09,465750,0,10,8989177.50,8,F1,6750,,,,,
2026-01-09,2026-01-09,FO,NSE,STO,83794,,CANBK,,2026-03-30,2026-03-30,176.00,CE,CANBK26MAR176CE,0.00,0.00,0.00,4.34,0.00,4.34,150.55,1.65,0,0,0,0.00,0,F1,6750,,,,,
2026-01-09,2026-01-09,FO,NSE,STO,83755,,CANBK,,2026-03-30,2026-03-30,164.00,CE,CANBK26MAR164CE,0.00,0.00,0.00,7.74,0.00,7.74,150.55,3.96,0,0,0,0.00,0,F1,6750,,,,,
2026-01-09,2026-01-09,FO,NSE,STO,83714,,CANBK,,2026-03-30,2026-03-30,158.00,CE,CANBK26MAR158CE,0.00,0.00,0.00,10.10,0.00,10.10,150.55,5.85,0,0,0,0.00,0,F1,6750,,,,,
2026-01-09,2026-01-09,FO,NSE,STO,83693,,CANBK,,2026-03-30,2026-03-30,150.00,CE,CANBK26MAR150CE,0.00,0.00,0.00,14.04,0.00,14.04,150.55,9.35,0,0,0,0.00,0,F1,6750,,,,,
2026-01-09,2026-01-09,FO,NSE,STO,83687,,CANBK,,2026-03-30,2026-03-30,144.00,CE,CANBK26MAR144CE,0.00,0.00,0.00,17.60,0.00,17.60,150.55,12.77,0,0,0,0.00,0,F1,6750,,,,,
2026-01-09,2026-01-09,FO,NSE,STO,83120,,CANBK,,2026-02-24,2026-02-24,142.00,CE,CANBK26FEB142CE,0.00,0.00,0.00,15.43,0.00,15.43,150.55,11.94,0,0,0,0.00,0,F1,6750,,,,,
2026-01-09,2026-01-09,FO,NSE,STO,76063,,CANBK,,2026-01-27,2026-01-27,158.00,CE,CANBK26JAN158CE,1.40,1.96,1.40,1.51,1.52,1.52,150.55,1.51,2835000,249750,282,303941160.00,239,F1,6750,,,,,
2026-01-09,2026-01-09,FO,NSE,STO,83360,,CANBK,,2026-02-24,2026-02-24,149.00,CE,CANBK26FEB149CE,0.00,0.00,0.00,11.97,0.00,11.97,150.55,7.53,0,0,0,0.00,0,F1,6750,,,,,
2026-01-09,2026-01-09,FO,NSE,STO,83121,,CANBK,,2026-02-24,2026-02-24,142.00,PE,CANBK26FEB142PE,0.00,0.00,0.00,3.34,3.34,3.34,150.55,2.41,0,0,0,0.00,0,F1,6750,,,,,
2026-01-09,2026-01-09,FO,NSE,STO,83357,,CANBK,,2026-02-24,2026-02-24,145.00,PE,CANBK26FEB145PE,3.00,3.00,3.00,3.00,3.00,3.00,150.55,3.35,94500,0,1,999000.00,1,F1,6750,,,,,
2026-01-09,2026-01-09,FO,NSE,STO,83361,,CANBK,,2026-02-24,2026-02-24,149.00,PE,CANBK26FEB149PE,0.00,0.00,0.00,5.56,0.00,5.56,150.55,4.95,0,0,0,0.00,0,F1,6750,,,,,
2026-01-09,2026-01-09,FO,NSE,STO,83213,,CANBK,,2026-02-24,2026-02-24,164.00,PE,CANBK26FEB164PE,0.00,0.00,0.00,18.78,0.00,18.78,150.55,14.40,0,0,0,0.00,0,F1,6750,,,,,
2026-01-09,2026-01-09,FO,NSE,STO,83692,,CANBK,,2026-03-30,2026-03-30,148.00,PE,CANBK26MAR148PE,0.00,0.00,0.00,6.95,0.00,6.95,150.55,6.09,0,0,0,0.00,0,F1,6750,,,,,
2026-01-09,2026-01-09,FO,NSE,STO,83349,,CANBK,,2026-02-24,2026-02-24,141.00,PE,CANBK26FEB141PE,0.00,0.00,0.00,2.92,0.00,2.92,150.55,2.14,0,0,0,0.00,0,F1,6750,,,,,
2026-01-09,2026-01-09,FO,NSE,STO,83107,,CANBK,,2026-02-24,2026-02-24,130.00,PE,CANBK26FEB130PE,0.00,0.00,0.00,2.88,0.00,2.88,150.55,0.44,0,0,0,0.00,0,F1,6750,,,,,
TradDt,BizDt,Sgmt,Src,FinInstrmTp,FinInstrmId,ISIN,TckrSymb,SctySrs,XpryDt,FininstrmActlXpryDt,StrkPric,OptnTp,FinInstrmNm,OpnPric,HghPric,LwPric,ClsPric,LastPric,PrvsClsgPric,UndrlygPric,SttlmPric,OpnIntrst,ChngInOpnIntrst,TtlTradgVol,TtlTrfVal,TtlNbOfTxsExctd,SsnId,NewBrdLotQty,Rmks,Rsvd1,Rsvd2,Rsvd3,Rsvd4
2026-01-09,2026-01-09,FO,NSE,STO,40772,,CANBK,,2026-01-27,2026-01-27,174.00,PE,CANBK26JAN174PE,0.00,0.00,0.00,33.68,0.00,33.68,150.55,23.03,0,0,0,0.00,0,F1,6750,,,,,
2026-01-09,2026-01-09,FO,NSE,STO,82881,,CANBK,,2026-01-27,2026-01-27,143.00,PE,CANBK26JAN143PE,1.55,1.56,0.88,1.22,1.17,1.42,150.55,1.22,1066500,182250,127,123606675.00,105,F1,6750,,,,,
2026-01-09,2026-01-09,FO,NSE,STO,76054,,CANBK,,2026-01-27,2026-01-27,148.00,PE,CANBK26JAN148PE,2.45,3.14,1.91,2.71,2.61,3.02,150.55,2.71,1883250,189000,336,341285265.00,306,F1,6750,,,,,
2026-01-09,2026-01-09,FO,NSE,STO,83115,,CANBK,,2026-02-24,2026-02-24,136.00,PE,CANBK26FEB136PE,0.80,1.25,0.80,1.24,1.24,1.32,150.55,1.12,465750,20250,10,9256545.00,10,F1,6750,,,,,
2026-01-09,2026-01-09,FO,NSE,STO,83664,,CANBK,,2026-03-30,2026-03-30,128.00,CE,CANBK26MAR128CE,0.00,0.00,0.00,29.51,0.00,29.51,150.55,24.98,0,0,0,0.00,0,F1,6750,,,,,
2026-01-09,2026-01-09,FO,NSE,STO,83210,,CANBK,,2026-02-24,2026-02-24,162.00,CE,CANBK26FEB162CE,0.00,0.00,0.00,6.54,0.00,6.54,150.55,2.54,0,0,0,0.00,0,F1,6750,,,,,
2026-01-09,2026-01-09,FO,NSE,STO,83122,,CANBK,,2026-02-24,2026-02-24,144.00,CE,CANBK26FEB144CE,0.00,0.00,0.00,14.28,0.00,14.28,150.55,10.56,0,0,0,0.00,0,F1,6750,,,,,
2026-01-09,2026-01-09,FO,NSE,STO,83352,,CANBK,,2026-02-24,2026-02-24,143.00,CE,CANBK26FEB143CE,0.00,0.00,0.00,15.83,0.00,15.83,150.55,11.24,0,0,0,0.00,0,F1,6750,,,,,
2026-01-09,2026-01-09,FO,NSE,STO,83127,,CANBK,,2026-02-24,2026-02-24,148.00,PE,CANBK26FEB148PE,0.00,0.00,0.00,9.25,0.00,9.25,150.55,4.52,0,0,0,0.00,0,F1,6750,,,,,
2026-01-09,2026-01-09,FO,NSE,STO,83137,,CANBK,,2026-02-24,2026-02-24,150.00,PE,CANBK26FEB150PE,4.81,5.45,4.50,5.00,5.00,5.56,150.55,5.42,1005750,486000,115,120175380.00,71,F1,6750,,,,,
2026-01-09,2026-01-09,FO,NSE,STO,83220,,CANBK,,2026-02-24,2026-02-24,170.00,PE,CANBK26FEB170PE,0.00,0.00,0.00,17.00,17.00,17.00,150.55,19.39,101250,0,0,0.00,0,F1,6750,,,,,
2026-01-09,2026-01-09,FO,NSE,STO,83669,,CANBK,,2026-03-30,2026-03-30,132.00,PE,CANBK26MAR132PE,0.00,0.00,0.00,2.26,0.00,2.26,150.55,1.44,0,0,0,0.00,0,F1,6750,,,,,
2026-01-09,2026-01-09,FO,NSE,STO,83718,,CANBK,,2026-03-30,2026-03-30,162.00,CE,CANBK26MAR162CE,0.00,0.00,0.00,8.47,0.00,8.47,150.55,4.53,0,0,0,0.00,0,F1,6750,,,,,
2026-01-09,2026-01-09,FO,NSE,STO,83672,,CANBK,,2026-03-30,2026-03-30,136.00,CE,CANBK26MAR136CE,0.00,0.00,0.00,23.15,0.00,23.15,150.55,18.38,0,0,0,0.00,0,F1,6750,,,,,
2026-01-09,2026-01-09,FO,NSE,STO,76034,,CANBK,,2026-01-27,2026-01-27,128.00,PE,CANBK26JAN128PE,0.00,0.00,0.00,0.13,0.13,0.13,150.55,0.02,297000,0,0,0.00,0,F1,6750,,,,,
2026-01-09,2026-01-09,FO,NSE,STO,83370,,CANBK,,2026-02-24,2026-02-24,159.00,CE,CANBK26FEB159CE,0.00,0.00,0.00,5.27,5.27,5.27,150.55,3.35,13500,0,0,0.00,0,F1,6750,,,,,
2026-01-09,2026-01-09,FO,NSE,STO,83205,,CANBK,,2026-02-24,2026-02-24,158.00,CE,CANBK26FEB158CE,0.00,0.00,0.00,3.74,4.16,3.74,150.55,3.66,6750,0,0,0.00,0,F1,6750,,,,,
2026-01-09,2026-01-09,FO,NSE,STO,83358,,CANBK,,2026-02-24,2026-02-24,147.00,CE,CANBK26FEB147CE,0.00,0.00,0.00,13.18,0.00,13.18,150.55,8.67,0,0,0,0.00,0,F1,6750,,,,,
2026-01-09,2026-01-09,FO,NSE,STO,83114,,CANBK,,2026-02-24,2026-02-24,136.00,CE,CANBK26FEB136CE,0.00,0.00,0.00,19.23,0.00,19.23,150.55,16.61,0,0,0,0.00,0,F1,6750,,,,,
2026-01-09,2026-01-09,FO,NSE,STO,83106,,CANBK,,2026-02-24,2026-02-24,130.00,CE,CANBK26FEB130CE,0.00,0.00,0.00,23.53,0.00,23.53,150.55,21.88,0,0,0,0.00,0,F1,6750,,,,,
2026-01-09,2026-01-09,FO,NSE,STO,76069,,CANBK,,2026-01-27,2026-01-27,164.00,CE,CANBK26JAN164CE,0.50,0.75,0.50,0.60,0.59,0.60,150.55,0.60,1572750,-40500,93,103373212.50,73,F1,6750,,,,,
2026-01-09,2026-01-09,FO,NSE,STO,76061,,CANBK,,2026-01-27,2026-01-27,156.00,CE,CANBK26JAN156CE,2.26,2.60,1.87,2.02,2.05,1.98,150.55,2.02,3631500,175500,485,517802287.50,418,F1,6750,,,,,
2026-01-09,2026-01-09,FO,NSE,STO,76059,,CANBK,,2026-01-27,2026-01-27,154.00,CE,CANBK26JAN154CE,2.84,3.43,2.49,2.67,2.70,2.61,150.55,2.67,2632500,-573750,842,892181992.50,676,F1,6750,,,,,
2026-01-09,2026-01-09,FO,NSE,STO,82886,,CANBK,,2026-01-27,2026-01-27,149.00,CE,CANBK26JAN149CE,5.35,6.14,4.67,4.90,4.86,4.68,150.55,4.90,243000,-13500,70,72904725.00,68,F1,6750,,,,,
2026-01-09,2026-01-09,FO,NSE,STO,82878,,CANBK,,2026-01-27,2026-01-27,141.00,CE,CANBK26JAN141CE,0.00,0.00,0.00,14.01,0.00,14.01,150.55,10.64,0,0,0,0.00,0,F1,6750,,,,,
2026-01-09,2026-01-09,FO,NSE,STO,82879,,CANBK,,2026-01-27,2026-01-27,141.00,PE,CANBK26JAN141PE,0.98,1.06,0.67,0.87,0.85,0.97,150.55,0.87,263250,13500,36,34471035.00,31,F1,6750,,,,,
2026-01-09,2026-01-09,FO,NSE,STO,83767,,CANBK,,2026-03-30,2026-03-30,166.00,PE,CANBK26MAR166PE,0.00,0.00,0.00,16.57,0.00,16.57,150.55,16.91,0,0,0,0.00,0,F1,6750,,,,,
2026-01-09,2026-01-09,FO,NSE,STO,83756,,CANBK,,2026-03-30,2026-03-30,164.00,PE,CANBK26MAR164PE,0.00,0.00,0.00,15.28,0.00,15.28,150.55,15.45,0,0,0,0.00,0,F1,6750,,,,,
2026-01-09,2026-01-09,FO,NSE,STO,83719,,CANBK,,2026-03-30,2026-03-30,162.00,PE,CANBK26MAR162PE,0.00,0.00,0.00,14.05,0.00,14.05,150.55,14.04,0,0,0,0.00,0,F1,6750,,,,,
2026-01-09,2026-01-09,FO,NSE,STO,83709,,CANBK,,2026-03-30,2026-03-30,154.00,PE,CANBK26MAR154PE,0.00,0.00,0.00,9.64,0.00,9.64,150.55,9.06,0,0,0,0.00,0,F1,6750,,,,,
2026-01-09,2026-01-09,FO,NSE,STO,83123,,CANBK,,2026-02-24,2026-02-24,144.00,PE,CANBK26FEB144PE,0.00,0.00,0.00,3.00,3.00,3.00,150.55,3.01,189000,0,0,0.00,0,F1,6750,,,,,
2026-01-09,2026-01-09,FO,NSE,STO,83105,,CANBK,,2026-02-24,2026-02-24,128.00,PE,CANBK26FEB128PE,0.00,0.00,0.00,2.45,0.00,2.45,150.55,0.31,0,0,0,0.00,0,F1,6750,,,,,
2026-01-09,2026-01-09,FO,NSE,STO,76078,,CANBK,,2026-01-27,2026-01-27,176.00,PE,CANBK26JAN176PE,24.45,24.45,23.80,23.96,23.96,20.20,150.55,25.00,398250,-33750,7,9452565.00,3,F1,6750,,,,,
2026-01-09,2026-01-09,FO,NSE,STO,82897,,CANBK,,2026-01-27,2026-01-27,159.00,PE,CANBK26JAN159PE,0.00,0.00,0.00,9.75,9.75,9.75,150.55,9.22,249750,0,0,0.00,0,F1,6750,,,,,
2026-01-09,2026-01-09,FO,NSE,STO,82885,,CANBK,,2026-01-27,2026-01-27,147.00,PE,CANBK26JAN147PE,2.20,2.72,1.68,2.33,2.27,2.65,150.55,2.33,2153250,175500,280,281808720.00,243,F1,6750,,,,,
2026-01-09,2026-01-09,FO,NSE,STO,76052,,CANBK,,2026-01-27,2026-01-27,146.00,PE,CANBK26JAN146PE,2.00,2.36,1.45,2.04,2.01,2.21,150.55,2.04,1464750,283500,190,189635647.50,146,F1,6750,,,,,
2026-01-09,2026-01-09,FO,NSE,STO,83217,,CANBK,,2026-02-24,2026-02-24,168.00,CE,CANBK26FEB168CE,0.00,0.00,0.00,2.20,2.20,2.20,150.55,1.38,33750,0,0,0.00,0,F1,6750,,,,,
2026-01-09,2026-01-09,FO,NSE,STO,76041,,CANBK,,2026-01-27,2026-01-27,136.00,CE,CANBK26JAN136CE,0.00,0.00,0.00,16.25,16.25,16.25,150.55,15.13,47250,0,0,0.00,0,F1,6750,,,,,
2026-01-09,2026-01-09,FO,NSE,STO,82870,,CANBK,,2026-01-27,2026-01-27,133.00,CE,CANBK26JAN133CE,0.00,0.00,0.00,23.77,23.77,23.77,150.55,18.00,20250,0,0,0.00,0,F1,6750,,,,,
2026-01-09,2026-01-09,FO,NSE,STO,83368,,CANBK,,2026-02-24,2026-02-24,157.00,CE,CANBK26FEB157CE,0.00,0.00,0.00,7.86,0.00,7.86,150.55,4.00,0,0,0,0.00,0,F1,6750,,,,,
2026-01-09,2026-01-09,FO,NSE,STO,83372,,CANBK,,2026-02-24,2026-02-24,161.00,CE,CANBK26FEB161CE,0.00,0.00,0.00,6.24,0.00,6.24,150.55,2.79,0,0,0,0.00,0,F1,6750,,,,,
2026-01-09,2026-01-09,FO,NSE,STO,83691,,CANBK,,2026-03-30,2026-03-30,148.00,CE,CANBK26MAR148CE,0.00,0.00,0.00,15.17,0.00,15.17,150.55,10.42,0,0,0,0.00,0,F1,6750,,,,,
2026-01-09,2026-01-09,FO,NSE,STO,83776,,CANBK,,2026-03-30,2026-03-30,172.00,CE,CANBK26MAR172CE,0.00,0.00,0.00,5.29,0.00,5.29,150.55,2.24,0,0,0,0.00,0,F1,6750,,,,,
2026-01-09,2026-01-09,FO,NSE,STO,76076,,CANBK,,2026-01-27,2026-01-27,172.00,PE,CANBK26JAN172PE,0.00,0.00,0.00,40.35,0.00,40.35,150.55,21.07,0,0,0,0.00,0,F1,6750,,,,,
2026-01-09,2026-01-09,FO,NSE,STO,83111,,CANBK,,2026-02-24,2026-02-24,132.00,PE,CANBK26FEB132PE,0.00,0.00,0.00,3.37,0.00,3.37,150.55,0.61,0,0,0,0.00,0,F1,6750,,,,,
2026-01-09,2026-01-09,FO,NSE,STO,83113,,CANBK,,2026-02-24,2026-02-24,134.00,PE,CANBK26FEB134PE,0.00,0.00,0.00,3.90,0.00,3.90,150.55,0.83,0,0,0,0.00,0,F1,6750,,,,,
2026-01-09,2026-01-09,FO,NSE,STO,83359,,CANBK,,2026-02-24,2026-02-24,147.00,PE,CANBK26FEB147PE,0.00,0.00,0.00,4.79,0.00,4.79,150.55,4.10,0,0,0,0.00,0,F1,6750,,,,,
2026-01-09,2026-01-09,FO,NSE,STO,83369,,CANBK,,2026-02-24,2026-02-24,157.00,PE,CANBK26FEB157PE,0.00,0.00,0.00,7.25,7.25,7.25,150.55,9.36,47250,0,0,0.00,0,F1,6750,,,,,
2026-01-09,2026-01-09,FO,NSE,STO,83222,,CANBK,,2026-02-24,2026-02-24,172.00,PE,CANBK26FEB172PE,0.00,0.00,0.00,24.70,0.00,24.70,150.55,21.15,0,0,0,0.00,0,F1,6750,,,,,
2026-01-09,2026-01-09,FO,NSE,STO,83681,,CANBK,,2026-03-30,2026-03-30,140.00,PE,CANBK26MAR140PE,0.00,0.00,0.00,4.17,0.00,4.17,150.55,3.21,0,0,0,0.00,0,F1,6750,,,,,
2026-01-09,2026-01-09,FO,NSE,STO,83124,,CANBK,,2026-02-24,2026-02-24,146.00,CE,CANBK26FEB146CE,0.00,0.00,0.00,13.20,0.00,13.20,150.55,9.27,0,0,0,0.00,0,F1,6750,,,,,
2026-01-09,2026-01-09,FO,NSE,STO,83118,,CANBK,,2026-02-24,2026-02-24,140.00,CE,CANBK26FEB140CE,0.00,0.00,0.00,12.99,12.99,12.99,150.55,13.41,13500,0,0,0.00,0,F1,6750,,,,,
2026-01-09,2026-01-09,FO,NSE,STO,82884,,CANBK,,2026-01-27,2026-01-27,147.00,CE,CANBK26JAN147CE,6.20,7.18,6.20,7.18,7.18,5.79,150.55,6.13,303750,6750,2,2074815.00,2,F1,6750,,,,,
2026-01-09,2026-01-09,FO,NSE,STO,82880,,CANBK,,2026-01-27,2026-01-27,143.00,CE,CANBK26JAN143CE,0.00,0.00,0.00,8.80,8.80,8.80,150.55,9.00,67500,0,0,0.00,0,F1,6750,,,,,
2026-01-09,2026-01-09,FO,NSE,STO,76045,,CANBK,,2026-01-27,2026-01-27,140.00,CE,CANBK26JAN140CE,11.80,13.32,11.30,11.50,11.50,11.08,150.55,11.50,3017250,486000,273,281565112.50,124,F1,6750,,,,,
2026-01-09,2026-01-09,FO,NSE,STO,76043,,CANBK,,2026-01-27,2026-01-27,138.00,CE,CANBK26JAN138CE,0.00,0.00,0.00,14.71,14.71,14.71,150.55,13.28,54000,0,0,0.00,0,F1,6750,,,,,
2026-01-09,2026-01-09,FO,NSE,STO,82876,,CANBK,,2026-01-27,2026-01-27,139.00,CE,CANBK26JAN139CE,0.00,0.00,0.00,14.75,14.75,14.75,150.55,12.37,60750,0,0,0.00,0,F1,6750,,,,,
2026-01-09,2026-01-09,FO,NSE,STO,82882,,CANBK,,2026-01-27,2026-01-27,145.00,CE,CANBK26JAN145CE,8.08,8.76,7.16,7.64,7.74,7.20,150.55,7.64,1458000,-87750,57,58883962.50,44,F1,6750,,,,,
2026-01-09,2026-01-09,FO,NSE,STO,76051,,CANBK,,2026-01-27,2026-01-27,146.00,CE,CANBK26JAN146CE,0.00,0.00,0.00,8.60,8.60,8.60,150.55,6.79,141750,0,0,0.00,0,F1,6750,,,,,
2026-01-09,2026-01-09,FO,NSE,STO,82892,,CANBK,,2026-01-27,2026-01-27,155.00,CE,CANBK26JAN155CE,2.40,2.99,2.17,2.33,2.37,2.25,150.55,2.33,20304000,-1498500,2526,2685944002.50,2161,F1,6750,,,,,
2026-01-09,2026-01-09,FO,NSE,STO,38905,,CANBK,,2026-01-27,2026-01-27,170.00,CE,CANBK26JAN170CE,0.27,0.31,0.23,0.24,0.24,0.26,150.55,0.24,1863000,-256500,153,175836960.00,124,F1,6750,,,,,
2026-01-09,2026-01-09,FO,NSE,STO,83346,,CANBK,,2026-02-24,2026-02-24,139.00,CE,CANBK26FEB139CE,0.00,0.00,0.00,18.74,0.00,18.74,150.55,14.18,0,0,0,0.00,0,F1,6750,,,,,
2026-01-09,2026-01-09,FO,NSE,STO,83366,,CANBK,,2026-02-24,2026-02-24,155.00,CE,CANBK26FEB155CE,4.38,5.25,4.25,4.50,4.50,4.25,150.55,4.73,324000,67500,35,37722375.00,20,F1,6750,,,,,
2026-01-09,2026-01-09,FO,NSE,STO,83374,,CANBK,,2026-02-24,2026-02-24,163.00,CE,CANBK26FEB163CE,0.00,0.00,0.00,5.53,0.00,5.53,150.55,2.30,0,0,0,0.00,0,F1,6750,,,,,
2026-01-09,2026-01-09,FO,NSE,STO,83708,,CANBK,,2026-03-30,2026-03-30,154.00,CE,CANBK26MAR154CE,0.00,0.00,0.00,11.96,0.00,11.96,150.55,7.45,0,0,0,0.00,0,F1,6750,,,,,
2026-01-09,2026-01-09,FO,NSE,STO,83710,,CANBK,,2026-03-30,2026-03-30,156.00,CE,CANBK26MAR156CE,0.00,0.00,0.00,11.00,0.00,11.00,150.55,6.62,0,0,0,0.00,0,F1,6750,,,,,
2026-01-09,2026-01-09,FO,NSE,STO,83770,,CANBK,,2026-03-30,2026-03-30,168.00,CE,CANBK26MAR168CE,0.00,0.00,0.00,6.42,0.00,6.42,150.55,3.00,0,0,0,0.00,0,F1,6750,,,,,
2026-01-09,2026-01-09,FO,NSE,STO,76036,,CANBK,,2026-01-27,2026-01-27,130.00,PE,CANBK26JAN130PE,0.14,0.20,0.14,0.16,0.16,0.19,150.55,0.16,1356750,-81000,178,156387712.50,133,F1,6750,,,,,
2026-01-09,2026-01-09,FO,NSE,STO,82873,,CANBK,,2026-01-27,2026-01-27,135.00,PE,CANBK26JAN135PE,0.38,0.41,0.25,0.32,0.31,0.38,150.55,0.32,1377000,-13500,169,154390860.00,131,F1,6750,,,,,
2026-01-09,2026-01-09,FO,NSE,STO,82883,,CANBK,,2026-01-27,2026-01-27,145.00,PE,CANBK26JAN145PE,1.29,2.09,1.25,1.72,1.65,1.97,150.55,1.72,6594750,-175500,708,700452427.50,521,F1,6750,,,,,
2026-01-09,2026-01-09,FO,NSE,STO,76056,,CANBK,,2026-01-27,2026-01-27,150.00,PE,CANBK26JAN150PE,3.67,4.08,2.66,3.54,3.42,3.91,150.55,3.54,10536750,351000,1982,2050864312.50,1710,F1,6750,,,,,
2026-01-09,2026-01-09,FO,NSE,STO,82891,,CANBK,,2026-01-27,2026-01-27,153.00,PE,CANBK26JAN153PE,5.13,5.79,3.92,5.17,4.97,5.70,150.55,5.17,1856250,-243000,276,293769450.00,248,F1,6750,,,,,
2026-01-09,2026-01-09,FO,NSE,STO,76068,,CANBK,,2026-01-27,2026-01-27,162.00,PE,CANBK26JAN162PE,12.00,12.00,11.32,11.32,11.32,12.24,150.55,11.72,182250,-13500,2,2344410.00,2,F1,6750,,,,,
2026-01-09,2026-01-09,FO,NSE,STO,76070,,CANBK,,2026-01-27,2026-01-27,164.00,PE,CANBK26JAN164PE,15.08,15.08,13.45,13.45,13.45,11.63,150.55,13.49,40500,20250,6,7219732.50,2,F1,6750,,,,,
2026-01-09,2026-01-09,FO,NSE,STO,83119,,CANBK,,2026-02-24,2026-02-24,140.00,PE,CANBK26FEB140PE,2.00,2.00,1.62,1.75,1.75,2.06,150.55,1.75,776250,13500,11,10531687.50,10,F1,6750,,,,,
2026-01-09,2026-01-09,FO,NSE,STO,83363,,CANBK,,2026-02-24,2026-02-24,151.00,PE,CANBK26FEB151PE,0.00,0.00,0.00,6.41,0.00,6.41,150.55,5.91,0,0,0,0.00,0,F1,6750,,,,,
2026-01-09,2026-01-09,FO,NSE,STO,83379,,CANBK,,2026-02-24,2026-02-24,167.00,PE,CANBK26FEB167PE,0.00,0.00,0.00,15.73,0.00,15.73,150.55,16.83,0,0,0,0.00,0,F1,6750,,,,,
2026-01-09,2026-01-09,FO,NSE,STO,83711,,CANBK,,2026-03-30,2026-03-30,156.00,PE,CANBK26MAR156PE,0.00,0.00,0.00,10.66,0.00,10.66,150.55,10.20,0,0,0,0.00,0,F1,6750,,,,,
2026-01-09,2026-01-09,FO,NSE,STO,83799,,CANBK,,2026-03-30,2026-03-30,180.00,PE,CANBK26MAR180PE,0.00,0.00,0.00,26.83,0.00,26.83,150.55,28.49,0,0,0,0.00,0,F1,6750,,,,,
2026-01-09,2026-01-09,FO,NSE,STO,83226,,CANBK,,2026-02-24,2026-02-24,174.00,PE,CANBK26FEB174PE,0.00,0.00,0.00,26.27,0.00,26.27,150.55,22.96,0,0,0,0.00,0,F1,6750,,,,,
2026-01-09,2026-01-09,FO,NSE,STO,83209,,CANBK,,2026-02-24,2026-02-24,160.00,PE,CANBK26FEB160PE,11.10,11.10,11.10,11.10,11.10,9.80,150.55,11.10,351000,0,1,1154925.00,1,F1,6750,,,,,
2026-01-09,2026-01-09,FO,NSE,STO,83367,,CANBK,,2026-02-24,2026-02-24,155.00,PE,CANBK26FEB155PE,0.00,0.00,0.00,8.25,8.25,8.25,150.55,8.11,168750,0,0,0.00,0,F1,6750,,,,,
2026-01-09,2026-01-09,FO,NSE,STO,83199,,CANBK,,2026-02-24,2026-02-24,152.00,PE,CANBK26FEB152PE,5.80,5.80,5.80,5.80,5.80,6.10,150.55,6.42,54000,27000,4,4260600.00,3,F1,6750,,,,,
2026-01-09,2026-01-09,FO,NSE,STO,82910,,CANBK,,2026-01-27,2026-01-27,163.00,PE,CANBK26JAN163PE,0.00,0.00,0.00,11.00,11.00,11.00,150.55,12.59,33750,0,0,0.00,0,F1,6750,,,,,
2026-01-09,2026-01-09,FO,NSE,STO,82877,,CANBK,,2026-01-27,2026-01-27,139.00,PE,CANBK26JAN139PE,0.63,0.79,0.45,0.62,0.61,0.72,150.55,0.62,391500,87750,55,51826095.00,50,F1,6750,,,,,
2026-01-09,2026-01-09,FO,NSE,STO,83689,,CANBK,,2026-03-30,2026-03-30,146.00,CE,CANBK26MAR146CE,0.00,0.00,0.00,16.35,0.00,16.35,150.55,11.56,0,0,0,0.00,0,F1,6750,,,,,
2026-01-09,2026-01-09,FO,NSE,STO,83682,,CANBK,,2026-03-30,2026-03-30,142.00,CE,CANBK26MAR142CE,0.00,0.00,0.00,18.90,0.00,18.90,150.55,14.07,0,0,0,0.00,0,F1,6750,,,,,
2026-01-09,2026-01-09,FO,NSE,STO,83668,,CANBK,,2026-03-30,2026-03-30,132.00,CE,CANBK26MAR132CE,0.00,0.00,0.00,26.24,0.00,26.24,150.55,21.57,0,0,0,0.00,0,F1,6750,,,,,
2026-01-09,2026-01-09,FO,NSE,STO,83378,,CANBK,,2026-02-24,2026-02-24,167.00,CE,CANBK26FEB167CE,0.00,0.00,0.00,4.30,0.00,4.30,150.55,1.54,0,0,0,0.00,0,F1,6750,,,,,
2026-01-09,2026-01-09,FO,NSE,STF,51837,,CANBK,,2026-03-30,2026-03-30,,,CANBK26MARFUT,152.54,154.07,151.73,152.28,152.61,151.36,150.55,152.28,1377000,13500,51,52556782.50,50,F1,6750,,,,,
2026-01-09,2026-01-09,FO,NSE,STO,76033,,CANBK,,2026-01-27,2026-01-27,128.00,CE,CANBK26JAN128CE,0.00,0.00,0.00,25.33,25.33,25.33,150.55,22.91,27000,0,0,0.00,0,F1,6750,,,,,
2026-01-09,2026-01-09,FO,NSE,STO,83362,,CANBK,,2026-02-24,2026-02-24,151.00,CE,CANBK26FEB151CE,0.00,0.00,0.00,10.83,0.00,10.83,150.55,6.50,0,0,0,0.00,0,F1,6750,,,,,
2026-01-09,2026-01-09,FO,NSE,STO,83108,,CANBK,,2026-02-24,2026-02-24,132.00,CE,CANBK26FEB132CE,0.00,0.00,0.00,22.05,0.00,22.05,150.55,20.07,0,0,0,0.00,0,F1,6750,,,,,
2026-01-09,2026-01-09,FO,NSE,STO,83056,,CANBK,,2026-02-24,2026-02-24,128.00,CE,CANBK26FEB128CE,0.00,0.00,0.00,25.07,0.00,25.07,150.55,23.74,0,0,0,0.00,0,F1,6750,,,,,
2026-01-09,2026-01-09,FO,NSE,STO,82909,,CANBK,,2026-01-27,2026-01-27,163.00,CE,CANBK26JAN163CE,0.80,0.90,0.65,0.70,0.71,0.71,150.55,0.70,1350000,-33750,56,61901280.00,55,F1,6750,,,,,
2026-01-09,2026-01-09,FO,NSE,STO,76047,,CANBK,,2026-01-27,2026-01-27,142.00,CE,CANBK26JAN142CE,10.87,10.87,10.13,10.13,10.13,10.87,150.55,9.81,67500,-13500,2,2058750.00,2,F1,6750,,,,,
2026-01-09,2026-01-09,FO,NSE,STO,83777,,CANBK,,2026-03-30,2026-03-30,172.00,PE,CANBK26MAR172PE,0.00,0.00,0.00,20.71,0.00,20.71,150.55,21.63,0,0,0,0.00,0,F1,6750,,,,,
2026-01-09,2026-01-09,FO,NSE,STO,83375,,CANBK,,2026-02-24,2026-02-24,163.00,PE,CANBK26FEB163PE,0.00,0.00,0.00,13.00,0.00,13.00,150.55,13.63,0,0,0,0.00,0,F1,6750,,,,,
2026-01-09,2026-01-09,FO,NSE,STO,83211,,CANBK,,2026-02-24,2026-02-24,162.00,PE,CANBK26FEB162PE,0.00,0.00,0.00,10.50,10.50,10.50,150.55,12.87,141750,0,0,0.00,0,F1,6750,,,,,
2026-01-09,2026-01-09,FO,NSE,STO,83202,,CANBK,,2026-02-24,2026-02-24,156.00,CE,CANBK26FEB156CE,4.19,4.50,4.19,4.50,4.50,4.10,150.55,4.35,101250,0,3,3245940.00,3,F1,6750,,,,,
2026-01-09,2026-01-09,FO,NSE,STO,83674,,CANBK,,2026-03-30,2026-03-30,138.00,CE,CANBK26MAR138CE,0.00,0.00,0.00,21.69,0.00,21.69,150.55,16.87,0,0,0,0.00,0,F1,6750,,,,,
2026-01-09,2026-01-09,FO,NSE,STO,76050,,CANBK,,2026-01-27,2026-01-27,144.00,PE,CANBK26JAN144PE,1.44,1.80,1.07,1.45,1.41,1.66,150.55,1.45,1005750,324000,168,164902432.50,132,F1,6750,,,,,
2026-01-09,2026-01-09,FO,NSE,STO,82912,,CANBK,,2026-01-27,2026-01-27,165.00,PE,CANBK26JAN165PE,0.00,0.00,0.00,12.39,12.39,12.39,150.55,14.40,60750,0,0,0.00,0,F1,6750,,,,,
2026-01-09,2026-01-09,FO,NSE,STO,83715,,CANBK,,2026-03-30,2026-03-30,158.00,PE,CANBK26MAR158PE,0.00,0.00,0.00,11.73,0.00,11.73,150.55,11.41,0,0,0,0.00,0,F1,6750,,,,,
2026-01-09,2026-01-09,FO,NSE,STO,82888,,CANBK,,2026-01-27,2026-01-27,151.00,CE,CANBK26JAN151CE,4.00,4.92,3.64,3.91,3.99,3.94,150.55,3.91,2673000,1127250,954,998988997.50,692,F1,6750,,,,,
2026-01-09,2026-01-09,FO,NSE,STO,82898,,CANBK,,2026-01-27,2026-01-27,161.00,CE,CANBK26JAN161CE,1.14,1.22,0.91,0.95,1.00,0.97,150.55,0.95,1255500,-27000,159,173879662.50,140,F1,6750,,,,,
2026-01-09,2026-01-09,FO,NSE,STO,40771,,CANBK,,2026-01-27,2026-01-27,174.00,CE,CANBK26JAN174CE,0.18,0.18,0.14,0.14,0.14,0.15,150.55,0.05,175500,6750,4,4702185.00,4,F1,6750,,,,,
2026-01-09,2026-01-09,FO,NSE,STO,76077,,CANBK,,2026-01-27,2026-01-27,176.00,CE,CANBK26JAN176CE,0.11,0.15,0.11,0.13,0.13,0.11,150.55,0.13,2106000,135000,76,90351585.00,66,F1,6750,,,,,
2026-01-09,2026-01-09,FO,NSE,STO,83112,,CANBK,,2026-02-24,2026-02-24,134.00,CE,CANBK26FEB134CE,0.00,0.00,0.00,20.61,0.00,20.61,150.55,18.31,0,0,0,0.00,0,F1,6750,,,,,
2026-01-09,2026-01-09,FO,NSE,STO,83196,,CANBK,,2026-02-24,2026-02-24,152.00,CE,CANBK26FEB152CE,5.47,5.47,5.47,5.47,5.47,10.28,150.55,6.02,6750,6750,1,1062922.50,1,F1,6750,,,,,
2026-01-09,2026-01-09,FO,NSE,STO,83364,,CANBK,,2026-02-24,2026-02-24,153.00,CE,CANBK26FEB153CE,0.00,0.00,0.00,6.35,6.35,6.35,150.55,5.57,6750,0,0,0.00,0,F1,6750,,,,,
2026-01-09,2026-01-09,FO,NSE,STO,76073,,CANBK,,2026-01-27,2026-01-27,168.00,CE,CANBK26JAN168CE,0.33,0.41,0.29,0.33,0.33,0.33,150.55,0.33,4137750,-168750,160,181810237.50,131,F1,6750,,,,,
2026-01-09,2026-01-09,FO,NSE,STO,83348,,CANBK,,2026-02-24,2026-02-24,141.00,CE,CANBK26FEB141CE,0.00,0.00,0.00,17.25,0.00,17.25,150.55,12.67,0,0,0,0.00,0,F1,6750,,,,,
2026-01-09,2026-01-09,FO,NSE,STO,83126,,CANBK,,2026-02-24,2026-02-24,148.00,CE,CANBK26FEB148CE,0.00,0.00,0.00,12.50,12.50,12.50,150.55,8.09,6750,0,0,0.00,0,F1,6750,,,,,
2026-01-09,2026-01-09,FO,NSE,STO,83212,,CANBK,,2026-02-24,2026-02-24,164.00,CE,CANBK26FEB164CE,0.00,0.00,0.00,5.94,0.00,5.94,150.55,2.09,0,0,0,0.00,0,F1,6750,,,,,
2026-01-09,2026-01-09,FO,NSE,STO,83221,,CANBK,,2026-02-24,2026-02-24,172.00,CE,CANBK26FEB172CE,0.00,0.00,0.00,1.59,1.59,1.59,150.55,0.89,13500,0,0,0.00,0,F1,6750,,,,,
2026-01-09,2026-01-09,FO,NSE,STO,83798,,CANBK,,2026-03-30,2026-03-30,180.00,CE,CANBK26MAR180CE,0.00,0.00,0.00,3.52,0.00,3.52,150.55,1.20,0,0,0,0.00,0,F1,6750,,,,,
2026-01-09,2026-01-09,FO,NSE,STO,76040,,CANBK,,2026-01-27,2026-01-27,134.00,PE,CANBK26JAN134PE,0.33,0.35,0.22,0.28,0.27,0.33,150.55,0.28,357750,54000,54,48943170.00,49,F1,6750,,,,,
2026-01-09,2026-01-09,FO,NSE,STO,76064,,CANBK,,2026-01-27,2026-01-27,158.00,PE,CANBK26JAN158PE,0.00,0.00,0.00,8.96,9.17,8.96,150.55,8.44,600750,0,0,0.00,0,F1,6750,,,,,
2026-01-09,2026-01-09,FO,NSE,STO,76066,,CANBK,,2026-01-27,2026-01-27,160.00,PE,CANBK26JAN160PE,10.15,10.92,8.61,10.22,10.13,10.10,150.55,10.22,5413500,-945000,623,715403880.00,289,F1,6750,,,,,
2026-01-09,2026-01-09,FO,NSE,STO,36880,,CANBK,,2026-01-27,2026-01-27,166.00,PE,CANBK26JAN166PE,17.00,17.00,14.00,15.75,15.75,15.30,150.55,15.32,236250,20250,15,18329085.00,10,F1,6750,,,,,
2026-01-09,2026-01-09,FO,NSE,STO,76074,,CANBK,,2026-01-27,2026-01-27,168.00,PE,CANBK26JAN168PE,0.00,0.00,0.00,14.92,14.92,14.92,150.55,17.21,587250,0,0,0.00,0,F1,6750,,,,,
2026-01-09,2026-01-09,FO,NSE,STO,83353,,CANBK,,2026-02-24,2026-02-24,143.00,PE,CANBK26FEB143PE,0.00,0.00,0.00,3.48,0.00,3.48,150.55,2.70,0,0,0,0.00,0,F1,6750,,,,,
2026-01-09,2026-01-09,FO,NSE,STO,83365,,CANBK,,2026-02-24,2026-02-24,153.00,PE,CANBK26FEB153PE,0.00,0.00,0.00,7.32,0.00,7.32,150.55,6.96,0,0,0,0.00,0,F1,6750,,,,,
2026-01-09,2026-01-09,FO,NSE,STO,83206,,CANBK,,2026-02-24,2026-02-24,158.00,PE,CANBK26FEB158PE,0.00,0.00,0.00,14.81,0.00,14.81,150.55,10.02,0,0,0,0.00,0,F1,6750,,,,,
2026-01-09,2026-01-09,FO,NSE,STO,83371,,CANBK,,2026-02-24,2026-02-24,159.00,PE,CANBK26FEB159PE,0.00,0.00,0.00,10.52,0.00,10.52,150.55,10.70,0,0,0,0.00,0,F1,6750,,,,,
2026-01-09,2026-01-09,FO,NSE,STO,83373,,CANBK,,2026-02-24,2026-02-24,161.00,PE,CANBK26FEB161PE,0.00,0.00,0.00,11.72,0.00,11.72,150.55,12.12,0,0,0,0.00,0,F1,6750,,,,,
2026-01-09,2026-01-09,FO,NSE,STO,83377,,CANBK,,2026-02-24,2026-02-24,165.00,PE,CANBK26FEB165PE,0.00,0.00,0.00,12.75,12.75,12.75,150.55,15.20,33750,0,0,0.00,0,F1,6750,,,,,
2026-01-09,2026-01-09,FO,NSE,STO,83688,,CANBK,,2026-03-30,2026-03-30,144.00,PE,CANBK26MAR144PE,0.00,0.00,0.00,5.44,0.00,5.44,150.55,4.50,0,0,0,0.00,0,F1,6750,,,,,
2026-01-09,2026-01-09,FO,NSE,STO,76031,,CANBK,,2026-01-27,2026-01-27,126.00,CE,CANBK26JAN126CE,0.00,0.00,0.00,29.77,29.77,29.77,150.55,24.90,384750,0,0,0.00,0,F1,6750,,,,,
2026-01-09,2026-01-09,FO,NSE,STO,76055,,CANBK,,2026-01-27,2026-01-27,150.00,CE,CANBK26JAN150CE,4.09,5.56,4.09,4.43,4.48,4.21,150.55,4.43,7627500,-101250,1253,1308703702.50,1070,F1,6750,,,,,
2026-01-09,2026-01-09,FO,NSE,STO,82890,,CANBK,,2026-01-27,2026-01-27,153.00,CE,CANBK26JAN153CE,3.05,3.91,2.83,3.03,3.08,2.92,150.55,3.03,4117500,-492750,1494,1576689367.50,1403,F1,6750,,,,,
2026-01-09,2026-01-09,FO,NSE,STO,82911,,CANBK,,2026-01-27,2026-01-27,165.00,CE,CANBK26JAN165CE,0.48,0.66,0.47,0.52,0.52,0.50,150.55,0.52,3206250,-371250,316,353145892.50,263,F1,6750,,,,,
2026-01-09,2026-01-09,FO,NSE,STO,83200,,CANBK,,2026-02-24,2026-02-24,154.00,CE,CANBK26FEB154CE,5.14,5.19,5.06,5.06,5.06,5.94,150.55,5.14,6750,0,3,3222382.50,3,F1,6750,,,,,
2026-01-09,2026-01-09,FO,NSE,STO,76060,,CANBK,,2026-01-27,2026-01-27,154.00,PE,CANBK26JAN154PE,5.83,6.41,4.54,5.74,5.56,6.37,150.55,5.74,1566000,-128250,174,187111890.00,158,F1,6750,,,,,
2026-01-09,2026-01-09,FO,NSE,STO,38906,,CANBK,,2026-01-27,2026-01-27,170.00,PE,CANBK26JAN170PE,18.00,18.00,18.00,18.00,18.00,18.02,150.55,19.12,519750,-67500,10,12690000.00,1,F1,6750,,,,,
2026-01-09,2026-01-09,FO,NSE,STO,83117,,CANBK,,2026-02-24,2026-02-24,138.00,PE,CANBK26FEB138PE,0.00,0.00,0.00,5.13,0.00,5.13,150.55,1.47,0,0,0,0.00,0,F1,6750,,,,,
2026-01-09,2026-01-09,FO,NSE,STO,83218,,CANBK,,2026-02-24,2026-02-24,168.00,PE,CANBK26FEB168PE,0.00,0.00,0.00,21.66,0.00,21.66,150.55,17.67,0,0,0,0.00,0,F1,6750,,,,,
2026-01-09,2026-01-09,FO,NSE,STO,83690,,CANBK,,2026-03-30,2026-03-30,146.00,PE,CANBK26MAR146PE,0.00,0.00,0.00,6.16,0.00,6.16,150.55,5.26,0,0,0,0.00,0,F1,6750,,,,,
2026-01-09,2026-01-09,FO,NSE,STO,76035,,CANBK,,2026-01-27,2026-01-27,130.00,CE,CANBK26JAN130CE,0.00,0.00,0.00,21.30,21.30,21.30,150.55,20.93,357750,0,0,0.00,0,F1,6750,,,,,
2026-01-09,2026-01-09,FO,NSE,STO,82872,,CANBK,,2026-01-27,2026-01-27,135.00,CE,CANBK26JAN135CE,0.00,0.00,0.00,15.36,15.36,15.36,150.55,16.07,148500,0,0,0.00,0,F1,6750,,,,,
2026-01-09,2026-01-09,FO,NSE,STO,76053,,CANBK,,2026-01-27,2026-01-27,148.00,CE,CANBK26JAN148CE,5.77,5.99,5.31,5.67,5.64,7.18,150.55,5.67,310500,60750,29,30082792.50,24,F1,6750,,,,,
2026-01-09,2026-01-09,FO,NSE,STO,76065,,CANBK,,2026-01-27,2026-01-27,160.00,CE,CANBK26JAN160CE,1.05,1.47,1.03,1.13,1.15,1.10,150.55,1.13,18380250,-378000,2214,2409624990.00,1563,F1,6750,,,,,
2026-01-09,2026-01-09,FO,NSE,STO,83695,,CANBK,,2026-03-30,2026-03-30,152.00,CE,CANBK26MAR152CE,0.00,0.00,0.00,12.97,0.00,12.97,150.55,8.36,0,0,0,0.00,0,F1,6750,,,,,
2026-01-09,2026-01-09,FO,NSE,STO,83219,,CANBK,,2026-02-24,2026-02-24,170.00,CE,CANBK26FEB170CE,1.10,1.36,1.10,1.20,1.20,1.16,150.55,1.11,391500,27000,16,18487507.50,16,F1,6750,,,,,
2026-01-09,2026-01-09,FO,NSE,STO,83676,,CANBK,,2026-03-30,2026-03-30,140.00,CE,CANBK26MAR140CE,0.00,0.00,0.00,20.27,0.00,20.27,150.55,15.43,0,0,0,0.00,0,F1,6750,,,,,
2026-01-09,2026-01-09,FO,NSE,STO,82893,,CANBK,,2026-01-27,2026-01-27,155.00,PE,CANBK26JAN155PE,6.81,6.95,5.07,6.44,6.27,6.96,150.55,6.44,6493500,-256500,229,248806687.50,188,F1,6750,,,,,
2026-01-09,2026-01-09,FO,NSE,STO,83376,,CANBK,,2026-02-24,2026-02-24,165.00,CE,CANBK26FEB165CE,0.00,0.00,0.00,2.37,2.37,2.37,150.55,1.89,20250,0,0,0.00,0,F1,6750,,,,,
2026-01-09,2026-01-09,FO,NSE,STO,83136,,CANBK,,2026-02-24,2026-02-24,150.00,CE,CANBK26FEB150CE,6.84,7.50,6.50,6.50,6.50,6.50,150.55,7.00,229500,87750,23,24362572.50,19,F1,6750,,,,,
2026-01-09,2026-01-09,FO,NSE,STO,83116,,CANBK,,2026-02-24,2026-02-24,138.00,CE,CANBK26FEB138CE,0.00,0.00,0.00,17.90,0.00,17.90,150.55,14.97,0,0,0,0.00,0,F1,6750,,,,,
2026-01-09,2026-01-09,FO,NSE,STO,83675,,CANBK,,2026-03-30,2026-03-30,138.00,PE,CANBK26MAR138PE,0.00,0.00,0.00,3.61,0.00,3.61,150.55,2.67,0,0,0,0.00,0,F1,6750,,,,,
2026-01-09,2026-01-09,FO,NSE,STO,83694,,CANBK,,2026-03-30,2026-03-30,150.00,PE,CANBK26MAR150PE,0.00,0.00,0.00,7.79,0.00,7.79,150.55,7.00,0,0,0,0.00,0,F1,6750,,,,,
2026-01-09,2026-01-09,FO,NSE,STO,83686,,CANBK,,2026-03-30,2026-03-30,142.00,PE,CANBK26MAR142PE,0.00,0.00,0.00,4.77,0.00,4.77,150.55,3.82,0,0,0,0.00,0,F1,6750,,,,,
2026-01-09,2026-01-09,FO,NSE,STO,82875,,CANBK,,2026-01-27,2026-01-27,137.00,PE,CANBK26JAN137PE,0.00,0.00,0.00,0.26,0.27,0.26,150.55,0.27,398250,0,0,0.00,0,F1,6750,,,,,
2026-01-09,2026-01-09,FO,NSE,STO,76048,,CANBK,,2026-01-27,2026-01-27,142.00,PE,CANBK26JAN142PE,1.05,1.31,0.74,1.04,0.99,1.24,150.55,1.04,1964250,330750,130,125413042.50,79,F1,6750,,,,,
2026-01-09,2026-01-09,FO,NSE,STO,82896,,CANBK,,2026-01-27,2026-01-27,159.00,CE,CANBK26JAN159CE,1.30,1.70,1.25,1.32,1.33,1.31,150.55,1.32,1201500,108000,168,181905885.00,153,F1,6750,,,,,
2026-01-09,2026-01-09,FO,NSE,STO,76067,,CANBK,,2026-01-27,2026-01-27,162.00,CE,CANBK26JAN162CE,0.90,1.07,0.75,0.82,0.84,0.83,150.55,0.82,1761750,-60750,99,108858532.50,89,F1,6750,,,,,
2026-01-09,2026-01-09,FO,NSE,STO,83696,,CANBK,,2026-03-30,2026-03-30,152.00,PE,CANBK26MAR152PE,0.00,0.00,0.00,8.69,0.00,8.69,150.55,7.99,0,0,0,0.00,0,F1,6750,,,,,
2026-01-09,2026-01-09,FO,NSE,STO,83673,,CANBK,,2026-03-30,2026-03-30,136.00,PE,CANBK26MAR136PE,0.00,0.00,0.00,3.11,0.00,3.11,150.55,2.20,0,0,0,0.00,0,F1,6750,,,,,
2026-01-09,2026-01-09,FO,NSE,STO,83228,,CANBK,,2026-02-24,2026-02-24,176.00,PE,CANBK26FEB176PE,0.00,0.00,0.00,27.88,0.00,27.88,150.55,24.79,0,0,0,0.00,0,F1,6750,,,,,
2026-01-09,2026-01-09,FO,NSE,STO,83215,,CANBK,,2026-02-24,2026-02-24,166.00,PE,CANBK26FEB166PE,0.00,0.00,0.00,20.19,0.00,20.19,150.55,16.01,0,0,0,0.00,0,F1,6750,,,,,
2026-01-09,2026-01-09,FO,NSE,STO,83201,,CANBK,,2026-02-24,2026-02-24,154.00,PE,CANBK26FEB154PE,0.00,0.00,0.00,12.42,0.00,12.42,150.55,7.53,0,0,0,0.00,0,F1,6750,,,,,
2026-01-09,2026-01-09,FO,NSE,STF,59283,,CANBK,,2026-02-24,2026-02-24,,,CANBK26FEBFUT,149.76,153.35,149.60,151.50,151.70,150.70,150.55,151.50,8592750,499500,578,592155697.50,546,F1,6750,,,,,
2026-01-09,2026-01-09,FO,NSE,STO,76037,,CANBK,,2026-01-27,2026-01-27,132.00,CE,CANBK26JAN132CE,0.00,0.00,0.00,20.90,20.90,20.90,150.55,18.97,13500,0,0,0.00,0,F1,6750,,,,,
2026-01-09,2026-01-09,FO,NSE,STO,76057,,CANBK,,2026-01-27,2026-01-27,152.00,CE,CANBK26JAN152CE,3.69,4.40,3.25,3.45,3.50,3.35,150.55,3.45,2727000,67500,1164,1224150705.00,1039,F1,6750,,,,,
2026-01-09,2026-01-09,FO,NSE,STO,83795,,CANBK,,2026-03-30,2026-03-30,176.00,PE,CANBK26MAR176PE,0.00,0.00,0.00,23.70,0.00,23.70,150.55,24.99,0,0,0,0.00,0,F1,6750,,,,,
2026-01-09,2026-01-09,FO,NSE,STO,83665,,CANBK,,2026-03-30,2026-03-30,128.00,PE,CANBK26MAR128PE,0.00,0.00,0.00,1.59,0.00,1.59,150.55,0.90,0,0,0,0.00,0,F1,6750,,,,,
2026-01-09,2026-01-09,FO,NSE,STO,83203,,CANBK,,2026-02-24,2026-02-24,156.00,PE,CANBK26FEB156PE,0.00,0.00,0.00,13.59,0.00,13.59,150.55,8.73,0,0,0,0.00,0,F1,6750,,,,,
2026-01-09,2026-01-09,FO,NSE,STO,76062,,CANBK,,2026-01-27,2026-01-27,156.00,PE,CANBK26JAN156PE,7.25,7.71,5.77,7.71,7.71,7.61,150.55,6.96,1174500,-135000,37,40620217.50,33,F1,6750,,,,,
2026-01-09,2026-01-09,FO,NSE,STO,83717,,CANBK,,2026-03-30,2026-03-30,160.00,PE,CANBK26MAR160PE,0.00,0.00,0.00,12.86,0.00,12.86,150.55,12.69,0,0,0,0.00,0,F1,6750,,,,,
2026-01-09,2026-01-09,FO,NSE,STO,83771,,CANBK,,2026-03-30,2026-03-30,168.00,PE,CANBK26MAR168PE,0.00,0.00,0.00,17.90,0.00,17.90,150.55,18.43,0,0,0,0.00,0,F1,6750,,,,,
2026-01-09,2026-01-09,FO,NSE,STO,83125,,CANBK,,2026-02-24,2026-02-24,146.00,PE,CANBK26FEB146PE,0.00,0.00,0.00,8.31,0.00,8.31,150.55,3.72,0,0,0,0.00,0,F1,6750,,,,,
2026-01-09,2026-01-09,FO,NSE,STO,83347,,CANBK,,2026-02-24,2026-02-24,139.00,PE,CANBK26FEB139PE,0.00,0.00,0.00,2.43,0.00,2.43,150.55,1.67,0,0,0,0.00,0,F1,6750,,,,,
2026-01-09,2026-01-09,FO,NSE,STO,82908,,CANBK,,2026-01-27,2026-01-27,161.00,PE,CANBK26JAN161PE,0.00,0.00,0.00,8.95,8.95,8.95,150.55,10.86,81000,0,0,0.00,0,F1,6750,,,,,
2026-01-09,2026-01-09,FO,NSE,STO,76058,,CANBK,,2026-01-27,2026-01-27,152.00,PE,CANBK26JAN152PE,4.38,5.13,3.50,4.50,4.46,5.01,150.55,4.50,2058750,-432000,640,674574007.50,597,F1,6750,,,,,
2026-01-09,2026-01-09,FO,NSE,STO,82889,,CANBK,,2026-01-27,2026-01-27,151.00,PE,CANBK26JAN151PE,3.96,4.60,3.05,4.03,3.88,4.17,150.55,4.03,3199500,1026000,779,814090365.00,574,F1,6750,,,,,
2026-01-09,2026-01-09,FO,NSE,STO,76032,,CANBK,,2026-01-27,2026-01-27,126.00,PE,CANBK26JAN126PE,0.08,0.12,0.08,0.11,0.11,0.10,150.55,0.11,465750,40500,29,24684952.50,26,F1,6750,,,,,
2026-01-09,2026-01-09,FO,NSE,STO,83766,,CANBK,,2026-03-30,2026-03-30,166.00,CE,CANBK26MAR166CE,0.00,0.00,0.00,7.06,0.00,7.06,150.55,3.45,0,0,0,0.00,0,F1,6750,,,,,
2026-01-09,2026-01-09,FO,NSE,STO,83716,,CANBK,,2026-03-30,2026-03-30,160.00,CE,CANBK26MAR160CE,0.00,0.00,0.00,9.26,0.00,9.26,150.55,5.16,0,0,0,0.00,0,F1,6750,,,,,
2026-01-09,2026-01-09,FO,NSE,STO,83227,,CANBK,,2026-02-24,2026-02-24,176.00,CE,CANBK26FEB176CE,0.00,0.00,0.00,0.80,0.80,0.80,150.55,0.56,222750,0,0,0.00,0,F1,6750,,,,,
2026-01-09,2026-01-09,FO,NSE,STO,83214,,CANBK,,2026-02-24,2026-02-24,166.00,CE,CANBK26FEB166CE,0.00,0.00,0.00,5.38,0.00,5.38,150.55,1.70,0,0,0,0.00,0,F1,6750,,,,,
2026-01-09,2026-01-09,FO,NSE,STO,83354,,CANBK,,2026-02-24,2026-02-24,145.00,CE,CANBK26FEB145CE,0.00,0.00,0.00,14.46,0.00,14.46,150.55,9.90,0,0,0,0.00,0,F1,6750,,,,,
2026-01-09,2026-01-09,FO,NSE,STO,36878,,CANBK,,2026-01-27,2026-01-27,166.00,CE,CANBK26JAN166CE,0.46,0.55,0.40,0.45,0.46,0.46,150.55,0.45,2450250,-20250,68,76412632.50,64,F1,6750,,,,,
2026-01-09,2026-01-09,FO,NSE,STO,82894,,CANBK,,2026-01-27,2026-01-27,157.00,CE,CANBK26JAN157CE,1.90,2.25,1.61,1.76,1.77,1.72,150.55,1.76,3969000,20250,357,382875120.00,304,F1,6750,,,,,
2026-01-09,2026-01-09,FO,NSE,STF,49329,,CANBK,,2026-01-27,2026-01-27,,,CANBK26JANFUT,149.00,152.90,148.41,150.86,151.01,150.21,150.55,150.86,138213000,-1633500,5531,5652395797.50,4974,F1,6750,,,,,
2026-01-09,2026-01-09,FO,NSE,STO,76042,,CANBK,,2026-01-27,2026-01-27,136.00,PE,CANBK26JAN136PE,0.55,0.55,0.30,0.38,0.36,0.46,150.55,0.38,830250,54000,56,51559267.50,55,F1,6750,,,,,
2026-01-09,2026-01-09,FO,NSE,STO,76038,,CANBK,,2026-01-27,2026-01-27,132.00,PE,CANBK26JAN132PE,0.21,0.21,0.17,0.17,0.17,0.26,150.55,0.06,425250,-13500,20,17846122.50,17,F1,6750,,,,,
2026-01-09,2026-01-09,FO,NSE,STO,83225,,CANBK,,2026-02-24,2026-02-24,174.00,CE,CANBK26FEB174CE,0.00,0.00,0.00,1.38,1.38,1.38,150.55,0.71,27000,0,0,0.00,0,F1,6750,,,,,
2026-01-09,2026-01-09,FO,NSE,STO,83208,,CANBK,,2026-02-24,2026-02-24,160.00,CE,CANBK26FEB160CE,3.01,3.35,2.75,2.88,2.97,2.41,150.55,2.88,675000,67500,28,30802410.00,28,F1,6750,,,,,
2026-01-09,2026-01-09,FO,NSE,STO,76075,,CANBK,,2026-01-27,2026-01-27,172.00,CE,CANBK26JAN172CE,0.20,0.23,0.18,0.20,0.21,0.19,150.55,0.20,864000,-108000,52,60445237.50,38,F1,6750,,,,,
2026-01-09,2026-01-09,FO,NSE,STO,82913,,CANBK,,2026-01-27,2026-01-27,167.00,CE,CANBK26JAN167CE,0.36,0.49,0.36,0.38,0.38,0.40,150.55,0.38,330750,-40500,22,24862680.00,22,F1,6750,,,,,
2026-01-09,2026-01-09,FO,NSE,STO,76049,,CANBK,,2026-01-27,2026-01-27,144.00,CE,CANBK26JAN144CE,0.00,0.00,0.00,8.22,7.74,8.22,150.55,8.23,114750,0,0,0.00,0,F1,6750,,,,,
2026-01-09,2026-01-09,FO,NSE,STO,82874,,CANBK,,2026-01-27,2026-01-27,137.00,CE,CANBK26JAN137CE,0.00,0.00,0.00,18.70,18.70,18.70,150.55,14.19,182250,0,0,0.00,0,F1,6750,,,,,
2026-01-09,2026-01-09,FO,NSE,STO,76039,,CANBK,,2026-01-27,2026-01-27,134.00,CE,CANBK26JAN134CE,0.00,0.00,0.00,19.43,19.43,19.43,150.55,17.03,13500,0,0,0.00,0,F1,6750,,,,,
2026-01-09,2026-01-09,FO,NSE,STO,76046,,CANBK,,2026-01-27,2026-01-27,140.00,PE,CANBK26JAN140PE,0.68,0.97,0.54,0.75,0.72,0.87,150.55,0.75,6399000,371250,399,378987997.50,295,F1,6750,,,,,
2026-01-09,2026-01-09,FO,NSE,STO,82914,,CANBK,,2026-01-27,2026-01-27,167.00,PE,CANBK26JAN167PE,0.00,0.00,0.00,19.95,0.00,19.95,150.55,16.26,0,0,0,0.00,0,F1,6750,,,,,
2026-01-09,2026-01-09,FO,NSE,STO,82895,,CANBK,,2026-01-27,2026-01-27,157.00,PE,CANBK26JAN157PE,7.50,7.87,6.88,7.70,7.67,8.60,150.55,7.70,1194750,13500,20,22187722.50,20,F1,6750,,,,,
2026-01-09,2026-01-09,FO,NSE,STO,82887,,CANBK,,2026-01-27,2026-01-27,149.00,PE,CANBK26JAN149PE,3.76,3.76,2.30,3.10,3.00,3.48,150.55,3.10,1147500,256500,435,446129842.50,394,F1,6750,,,,,
2026-01-09,2026-01-09,FO,NSE,STO,76044,,CANBK,,2026-01-27,2026-01-27,138.00,PE,CANBK26JAN138PE,0.53,0.69,0.38,0.53,0.52,0.61,150.55,0.53,567000,20250,63,58905900.00,60,F1,6750,,,,,
2026-01-09,2026-01-09,FO,NSE,STO,82871,,CANBK,,2026-01-27,2026-01-27,133.00,PE,CANBK26JAN133PE,0.05,0.21,0.05,0.20,0.20,0.22,150.55,0.09,465750,0,10,8989177.50,8,F1,6750,,,,,
2026-01-09,2026-01-09,FO,NSE,STO,83794,,CANBK,,2026-03-30,2026-03-30,176.00,CE,CANBK26MAR176CE,0.00,0.00,0.00,4.34,0.00,4.34,150.55,1.65,0,0,0,0.00,0,F1,6750,,,,,
2026-01-09,2026-01-09,FO,NSE,STO,83755,,CANBK,,2026-03-30,2026-03-30,164.00,CE,CANBK26MAR164CE,0.00,0.00,0.00,7.74,0.00,7.74,150.55,3.96,0,0,0,0.00,0,F1,6750,,,,,
2026-01-09,2026-01-09,FO,NSE,STO,83714,,CANBK,,2026-03-30,2026-03-30,158.00,CE,CANBK26MAR158CE,0.00,0.00,0.00,10.10,0.00,10.10,150.55,5.85,0,0,0,0.00,0,F1,6750,,,,,
2026-01-09,2026-01-09,FO,NSE,STO,83693,,CANBK,,2026-03-30,2026-03-30,150.00,CE,CANBK26MAR150CE,0.00,0.00,0.00,14.04,0.00,14.04,150.55,9.35,0,0,0,0.00,0,F1,6750,,,,,
2026-01-09,2026-01-09,FO,NSE,STO,83687,,CANBK,,2026-03-30,2026-03-30,144.00,CE,CANBK26MAR144CE,0.00,0.00,0.00,17.60,0.00,17.60,150.55,12.77,0,0,0,0.00,0,F1,6750,,,,,
2026-01-09,2026-01-09,FO,NSE,STO,83120,,CANBK,,2026-02-24,2026-02-24,142.00,CE,CANBK26FEB142CE,0.00,0.00,0.00,15.43,0.00,15.43,150.55,11.94,0,0,0,0.00,0,F1,6750,,,,,
2026-01-09,2026-01-09,FO,NSE,STO,76063,,CANBK,,2026-01-27,2026-01-27,158.00,CE,CANBK26JAN158CE,1.40,1.96,1.40,1.51,1.52,1.52,150.55,1.51,2835000,249750,282,303941160.00,239,F1,6750,,,,,
2026-01-09,2026-01-09,FO,NSE,STO,83360,,CANBK,,2026-02-24,2026-02-24,149.00,CE,CANBK26FEB149CE,0.00,0.00,0.00,11.97,0.00,11.97,150.55,7.53,0,0,0,0.00,0,F1,6750,,,,,
2026-01-09,2026-01-09,FO,NSE,STO,83121,,CANBK,,2026-02-24,2026-02-24,142.00,PE,CANBK26FEB142PE,0.00,0.00,0.00,3.34,3.34,3.34,150.55,2.41,0,0,0,0.00,0,F1,6750,,,,,
2026-01-09,2026-01-09,FO,NSE,STO,83357,,CANBK,,2026-02-24,2026-02-24,145.00,PE,CANBK26FEB145PE,3.00,3.00,3.00,3.00,3.00,3.00,150.55,3.35,94500,0,1,999000.00,1,F1,6750,,,,,
2026-01-09,2026-01-09,FO,NSE,STO,83361,,CANBK,,2026-02-24,2026-02-24,149.00,PE,CANBK26FEB149PE,0.00,0.00,0.00,5.56,0.00,5.56,150.55,4.95,0,0,0,0.00,0,F1,6750,,,,,
2026-01-09,2026-01-09,FO,NSE,STO,83213,,CANBK,,2026-02-24,2026-02-24,164.00,PE,CANBK26FEB164PE,0.00,0.00,0.00,18.78,0.00,18.78,150.55,14.40,0,0,0,0.00,0,F1,6750,,,,,
2026-01-09,2026-01-09,FO,NSE,STO,83692,,CANBK,,2026-03-30,2026-03-30,148.00,PE,CANBK26MAR148PE,0.00,0.00,0.00,6.95,0.00,6.95,150.55,6.09,0,0,0,0.00,0,F1,6750,,,,,
2026-01-09,2026-01-09,FO,NSE,STO,83349,,CANBK,,2026-02-24,2026-02-24,141.00,PE,CANBK26FEB141PE,0.00,0.00,0.00,2.92,0.00,2.92,150.55,2.14,0,0,0,0.00,0,F1,6750,,,,,
2026-01-09,2026-01-09,FO,NSE,STO,83107,,CANBK,,2026-02-24,2026-02-24,130.00,PE,CANBK26FEB130PE,0.00,0.00,0.00,2.88,0.00,2.88,150.55,0.44,0,0,0,0.00,0,F1,6750,,,,,
