TradDt,BizDt,Sgmt,Src,FinInstrmTp,FinInstrmId,ISIN,TckrSymb,SctySrs,XpryDt,FininstrmActlXpryDt,StrkPric,OptnTp,FinInstrmNm,OpnPric,HghPric,LwPric,ClsPric,LastPric,PrvsClsgPric,UndrlygPric,SttlmPric,OpnIntrst,ChngInOpnIntrst,TtlTradgVol,TtlTrfVal,TtlNbOfTxsExctd,SsnId,NewBrdLotQty,Rmks,Rsvd1,Rsvd2,Rsvd3,Rsvd4
2026-05-11,2026-05-11,FO,NSE,STO,140164,,LTM,,2026-05-26,2026-05-26,3850.00,PE,LTM26MAY3850PE,12.00,12.00,9.10,9.10,9.10,11.90,4352.10,5.50,1950,-150,9,5211555.00,9,F1,150,,,,,
2026-05-11,2026-05-11,FO,NSE,STO,116102,,LTM,,2026-07-28,2026-07-28,4700.00,CE,LTM26JUL4700CE,0.00,0.00,0.00,216.75,0.00,216.75,4352.10,178.95,0,0,0,0.00,0,F1,150,,,,,
2026-05-11,2026-05-11,FO,NSE,STO,115955,,LTM,,2026-07-28,2026-07-28,4300.00,CE,LTM26JUL4300CE,0.00,0.00,0.00,389.45,0.00,389.45,4352.10,345.35,0,0,0,0.00,0,F1,150,,,,,
2026-05-11,2026-05-11,FO,NSE,STO,115949,,LTM,,2026-07-28,2026-07-28,4000.00,CE,LTM26JUL4000CE,0.00,0.00,0.00,570.50,0.00,570.50,4352.10,526.15,0,0,0,0.00,0,F1,150,,,,,
2026-05-11,2026-05-11,FO,NSE,STO,115945,,LTM,,2026-07-28,2026-07-28,3800.00,CE,LTM26JUL3800CE,0.00,0.00,0.00,715.10,0.00,715.10,4352.10,672.50,0,0,0,0.00,0,F1,150,,,,,
2026-05-11,2026-05-11,FO,NSE,STO,115836,,LTM,,2026-06-30,2026-06-30,4350.00,CE,LTM26JUN4350CE,0.00,0.00,0.00,204.80,204.80,204.80,4352.10,252.15,150,0,0,0.00,0,F1,150,,,,,
2026-05-11,2026-05-11,FO,NSE,STO,115830,,LTM,,2026-06-30,2026-06-30,4050.00,CE,LTM26JUN4050CE,0.00,0.00,0.00,481.10,0.00,481.10,4352.10,431.70,0,0,0,0.00,0,F1,150,,,,,
2026-05-11,2026-05-11,FO,NSE,STO,125105,,LTM,,2026-05-26,2026-05-26,3700.00,CE,LTM26MAY3700CE,0.00,0.00,0.00,910.80,910.80,910.80,4352.10,662.40,450,0,0,0.00,0,F1,150,,,,,
2026-05-11,2026-05-11,FO,NSE,STO,115835,,LTM,,2026-06-30,2026-06-30,4250.00,PE,LTM26JUN4250PE,0.00,0.00,0.00,182.40,0.00,182.40,4352.10,166.30,0,0,0,0.00,0,F1,150,,,,,
2026-05-11,2026-05-11,FO,NSE,STO,115950,,LTM,,2026-07-28,2026-07-28,4000.00,PE,LTM26JUL4000PE,0.00,0.00,0.00,130.00,130.00,130.00,4352.10,120.10,300,0,0,0.00,0,F1,150,,,,,
2026-05-11,2026-05-11,FO,NSE,STO,115828,,LTM,,2026-06-30,2026-06-30,3950.00,CE,LTM26JUN3950CE,0.00,0.00,0.00,552.65,0.00,552.65,4352.10,504.45,0,0,0,0.00,0,F1,150,,,,,
2026-05-11,2026-05-11,FO,NSE,STO,125106,,LTM,,2026-05-26,2026-05-26,3700.00,PE,LTM26MAY3700PE,5.50,5.50,3.75,4.80,4.80,5.50,4352.10,4.80,12600,-1500,63,35004000.00,41,F1,150,,,,,
2026-05-11,2026-05-11,FO,NSE,STO,125123,,LTM,,2026-05-26,2026-05-26,4500.00,CE,LTM26MAY4500CE,55.00,65.00,35.10,48.60,46.90,51.85,4352.10,48.60,271650,41400,5960,4073043052.50,4512,F1,150,,,,,
2026-05-11,2026-05-11,FO,NSE,STO,125109,,LTM,,2026-05-26,2026-05-26,3800.00,CE,LTM26MAY3800CE,0.00,0.00,0.00,752.30,752.30,752.30,4352.10,564.85,150,0,0,0.00,0,F1,150,,,,,
2026-05-11,2026-05-11,FO,NSE,STO,125101,,LTM,,2026-05-26,2026-05-26,3500.00,CE,LTM26MAY3500CE,0.00,0.00,0.00,839.90,839.90,839.90,4352.10,860.70,900,0,0,0.00,0,F1,150,,,,,
2026-05-11,2026-05-11,FO,NSE,STO,140176,,LTM,,2026-05-26,2026-05-26,4150.00,PE,LTM26MAY4150PE,50.85,56.35,39.05,49.60,50.00,55.70,4352.10,49.60,6300,-1500,131,82488345.00,128,F1,150,,,,,
2026-05-11,2026-05-11,FO,NSE,STO,140376,,LTM,,2026-06-30,2026-06-30,4200.00,PE,LTM26JUN4200PE,0.00,0.00,0.00,212.15,212.15,212.15,4352.10,145.80,900,0,0,0.00,0,F1,150,,,,,
2026-05-11,2026-05-11,FO,NSE,STO,140380,,LTM,,2026-06-30,2026-06-30,4300.00,PE,LTM26JUN4300PE,170.00,170.00,170.00,170.00,170.00,405.95,4352.10,188.50,150,150,1,670500.00,1,F1,150,,,,,
2026-05-11,2026-05-11,FO,NSE,STO,115839,,LTM,,2026-06-30,2026-06-30,4450.00,PE,LTM26JUN4450PE,0.00,0.00,0.00,278.45,0.00,278.45,4352.10,265.25,0,0,0,0.00,0,F1,150,,,,,
2026-05-11,2026-05-11,FO,NSE,STO,125121,,LTM,,2026-05-26,2026-05-26,4400.00,CE,LTM26MAY4400CE,94.00,101.30,61.60,75.25,75.00,81.25,4352.10,75.25,137700,5100,2659,1789636597.50,2253,F1,150,,,,,
2026-05-11,2026-05-11,FO,NSE,STO,125139,,LTM,,2026-05-26,2026-05-26,5300.00,CE,LTM26MAY5300CE,0.00,0.00,0.00,5.00,5.00,5.00,4352.10,0.45,150,0,0,0.00,0,F1,150,,,,,
2026-05-11,2026-05-11,FO,NSE,STO,116099,,LTM,,2026-07-28,2026-07-28,4600.00,CE,LTM26JUL4600CE,0.00,0.00,0.00,252.95,0.00,252.95,4352.10,213.05,0,0,0,0.00,0,F1,150,,,,,
2026-05-11,2026-05-11,FO,NSE,STO,140211,,LTM,,2026-05-26,2026-05-26,4650.00,PE,LTM26MAY4650PE,0.00,0.00,0.00,636.00,0.00,636.00,4352.10,321.85,0,0,0,0.00,0,F1,150,,,,,
2026-05-11,2026-05-11,FO,NSE,STO,125134,,LTM,,2026-05-26,2026-05-26,5000.00,PE,LTM26MAY5000PE,0.00,0.00,0.00,753.35,753.35,753.35,4352.10,640.05,10500,0,0,0.00,0,F1,150,,,,,
2026-05-11,2026-05-11,FO,NSE,STO,140313,,LTM,,2026-06-30,2026-06-30,3800.00,PE,LTM26JUN3800PE,47.80,47.80,42.00,42.00,42.00,99.85,4352.10,39.15,1200,450,5,2882370.00,2,F1,150,,,,,
2026-05-11,2026-05-11,FO,NSE,STO,115829,,LTM,,2026-06-30,2026-06-30,3950.00,PE,LTM26JUN3950PE,0.00,0.00,0.00,82.75,0.00,82.75,4352.10,68.10,0,0,0,0.00,0,F1,150,,,,,
2026-05-11,2026-05-11,FO,NSE,STO,140317,,LTM,,2026-06-30,2026-06-30,4000.00,PE,LTM26JUN4000PE,80.00,80.10,75.00,75.00,75.00,86.90,4352.10,80.65,2850,0,12,7341652.50,11,F1,150,,,,,
2026-05-11,2026-05-11,FO,NSE,STO,140161,,LTM,,2026-05-26,2026-05-26,3750.00,CE,LTM26MAY3750CE,0.00,0.00,0.00,513.15,513.15,513.15,4352.10,613.35,2100,0,0,0.00,0,F1,150,,,,,
2026-05-11,2026-05-11,FO,NSE,STO,116121,,LTM,,2026-07-28,2026-07-28,5000.00,PE,LTM26JUL5000PE,0.00,0.00,0.00,680.20,0.00,680.20,4352.10,682.80,0,0,0,0.00,0,F1,150,,,,,
2026-05-11,2026-05-11,FO,NSE,STO,140309,,LTM,,2026-06-30,2026-06-30,3600.00,PE,LTM26JUN3600PE,22.10,22.10,22.10,22.10,22.10,25.20,4352.10,16.30,1050,-450,3,1629945.00,2,F1,150,,,,,
2026-05-11,2026-05-11,FO,NSE,STF,62673,,LTM,,2026-06-30,2026-06-30,,,LTM26JUNFUT,4279.90,4325.00,4252.70,4279.60,4284.00,4268.60,4352.10,4279.60,436950,15750,256,164761695.00,164,F1,150,,,,,
2026-05-11,2026-05-11,FO,NSE,STO,125124,,LTM,,2026-05-26,2026-05-26,4500.00,PE,LTM26MAY4500PE,240.55,246.30,201.05,241.55,240.20,228.85,4352.10,241.55,19500,2700,49,34735132.50,49,F1,150,,,,,
2026-05-11,2026-05-11,FO,NSE,STO,140168,,LTM,,2026-05-26,2026-05-26,4050.00,PE,LTM26MAY4050PE,28.00,34.35,23.65,30.00,29.55,32.55,4352.10,30.00,22500,-750,180,110124472.50,171,F1,150,,,,,
2026-05-11,2026-05-11,FO,NSE,STO,125112,,LTM,,2026-05-26,2026-05-26,3900.00,PE,LTM26MAY3900PE,15.25,15.25,9.55,12.55,12.55,14.90,4352.10,12.55,18300,-3600,37,21708262.50,35,F1,150,,,,,
2026-05-11,2026-05-11,FO,NSE,STO,115957,,LTM,,2026-07-28,2026-07-28,4400.00,CE,LTM26JUL4400CE,0.00,0.00,0.00,339.10,0.00,339.10,4352.10,296.00,0,0,0,0.00,0,F1,150,,,,,
2026-05-11,2026-05-11,FO,NSE,STO,140314,,LTM,,2026-06-30,2026-06-30,3900.00,CE,LTM26JUN3900CE,0.00,0.00,0.00,446.40,446.40,446.40,4352.10,543.00,3000,0,0,0.00,0,F1,150,,,,,
2026-05-11,2026-05-11,FO,NSE,STO,140167,,LTM,,2026-05-26,2026-05-26,4050.00,CE,LTM26MAY4050CE,308.00,316.60,285.35,285.35,285.35,207.00,4352.10,337.10,18000,150,10,6517425.00,10,F1,150,,,,,
2026-05-11,2026-05-11,FO,NSE,STO,140165,,LTM,,2026-05-26,2026-05-26,3950.00,CE,LTM26MAY3950CE,0.00,0.00,0.00,305.90,305.90,305.90,4352.10,424.15,150,0,0,0.00,0,F1,150,,,,,
2026-05-11,2026-05-11,FO,NSE,STO,140381,,LTM,,2026-06-30,2026-06-30,4400.00,CE,LTM26JUN4400CE,0.00,0.00,0.00,164.40,0.00,164.40,4352.10,228.20,0,0,0,0.00,0,F1,150,,,,,
2026-05-11,2026-05-11,FO,NSE,STO,140318,,LTM,,2026-06-30,2026-06-30,4100.00,CE,LTM26JUN4100CE,0.00,0.00,0.00,276.25,0.00,276.25,4352.10,397.45,0,0,0,0.00,0,F1,150,,,,,
2026-05-11,2026-05-11,FO,NSE,STO,125133,,LTM,,2026-05-26,2026-05-26,5000.00,CE,LTM26MAY5000CE,6.00,7.90,3.65,5.90,6.30,6.45,4352.10,5.90,82650,2700,182,136679640.00,152,F1,150,,,,,
2026-05-11,2026-05-11,FO,NSE,STO,125131,,LTM,,2026-05-26,2026-05-26,4900.00,CE,LTM26MAY4900CE,11.75,11.75,7.70,7.75,7.70,8.40,4352.10,7.75,29250,150,29,21355732.50,28,F1,150,,,,,
2026-05-11,2026-05-11,FO,NSE,STO,140214,,LTM,,2026-05-26,2026-05-26,4850.00,CE,LTM26MAY4850CE,7.40,12.55,7.40,9.75,9.15,11.30,4352.10,9.75,2400,1350,22,16039800.00,20,F1,150,,,,,
2026-05-11,2026-05-11,FO,NSE,STO,125127,,LTM,,2026-05-26,2026-05-26,4700.00,CE,LTM26MAY4700CE,15.00,25.90,13.60,17.65,17.35,19.80,4352.10,17.65,141600,21900,443,313694970.00,357,F1,150,,,,,
2026-05-11,2026-05-11,FO,NSE,STO,140210,,LTM,,2026-05-26,2026-05-26,4650.00,CE,LTM26MAY4650CE,24.00,31.75,20.35,22.55,21.85,25.85,4352.10,22.55,11700,8400,124,86981407.50,116,F1,150,,,,,
2026-05-11,2026-05-11,FO,NSE,STO,125125,,LTM,,2026-05-26,2026-05-26,4600.00,CE,LTM26MAY4600CE,25.00,41.30,24.75,29.50,28.80,32.70,4352.10,29.50,178800,7500,1019,708561120.00,831,F1,150,,,,,
2026-05-11,2026-05-11,FO,NSE,STO,140208,,LTM,,2026-05-26,2026-05-26,4550.00,CE,LTM26MAY4550CE,40.45,51.55,36.00,37.50,36.55,40.45,4352.10,37.50,40050,4800,475,327351345.00,388,F1,150,,,,,
2026-05-11,2026-05-11,FO,NSE,STO,125111,,LTM,,2026-05-26,2026-05-26,3900.00,CE,LTM26MAY3900CE,0.00,0.00,0.00,356.10,356.10,356.10,4352.10,469.95,3900,0,0,0.00,0,F1,150,,,,,
2026-05-11,2026-05-11,FO,NSE,STO,116101,,LTM,,2026-07-28,2026-07-28,4600.00,PE,LTM26JUL4600PE,0.00,0.00,0.00,406.30,0.00,406.30,4352.10,398.95,0,0,0,0.00,0,F1,150,,,,,
2026-05-11,2026-05-11,FO,NSE,STO,116096,,LTM,,2026-07-28,2026-07-28,4400.00,PE,LTM26JUL4400PE,0.00,0.00,0.00,295.35,0.00,295.35,4352.10,284.55,0,0,0,0.00,0,F1,150,,,,,
2026-05-11,2026-05-11,FO,NSE,STO,140388,,LTM,,2026-06-30,2026-06-30,4700.00,PE,LTM26JUN4700PE,0.00,0.00,0.00,694.50,0.00,694.50,4352.10,425.00,0,0,0,0.00,0,F1,150,,,,,
2026-05-11,2026-05-11,FO,NSE,STO,140223,,LTM,,2026-05-26,2026-05-26,4950.00,PE,LTM26MAY4950PE,0.00,0.00,0.00,732.45,732.45,732.45,4352.10,591.90,1050,0,0,0.00,0,F1,150,,,,,
2026-05-11,2026-05-11,FO,NSE,STO,125130,,LTM,,2026-05-26,2026-05-26,4800.00,PE,LTM26MAY4800PE,0.00,0.00,0.00,513.10,513.10,513.10,4352.10,451.60,14700,0,0,0.00,0,F1,150,,,,,
2026-05-11,2026-05-11,FO,NSE,STO,140392,,LTM,,2026-06-30,2026-06-30,4900.00,PE,LTM26JUN4900PE,0.00,0.00,0.00,859.60,0.00,859.60,4352.10,577.20,0,0,0,0.00,0,F1,150,,,,,
2026-05-11,2026-05-11,FO,NSE,STO,140209,,LTM,,2026-05-26,2026-05-26,4550.00,PE,LTM26MAY4550PE,0.00,0.00,0.00,386.40,386.40,386.40,4352.10,244.50,1350,0,0,0.00,0,F1,150,,,,,
2026-05-11,2026-05-11,FO,NSE,STO,125129,,LTM,,2026-05-26,2026-05-26,4800.00,CE,LTM26MAY4800CE,13.55,18.95,8.50,11.85,11.10,12.55,4352.10,11.85,100950,5100,247,178366717.50,186,F1,150,,,,,
2026-05-11,2026-05-11,FO,NSE,STO,140206,,LTM,,2026-05-26,2026-05-26,4450.00,CE,LTM26MAY4450CE,66.60,81.80,57.45,60.00,57.45,64.60,4352.10,60.00,23850,-600,421,285409095.00,407,F1,150,,,,,
2026-05-11,2026-05-11,FO,NSE,STO,125117,,LTM,,2026-05-26,2026-05-26,4200.00,CE,LTM26MAY4200CE,193.20,213.45,170.45,172.30,174.95,183.90,4352.10,172.30,46650,-5100,98,64498785.00,88,F1,150,,,,,
2026-05-11,2026-05-11,FO,NSE,STO,140391,,LTM,,2026-06-30,2026-06-30,4900.00,CE,LTM26JUN4900CE,0.00,0.00,0.00,61.20,0.00,61.20,4352.10,71.75,0,0,0,0.00,0,F1,150,,,,,
2026-05-11,2026-05-11,FO,NSE,STO,116104,,LTM,,2026-07-28,2026-07-28,4700.00,PE,LTM26JUL4700PE,0.00,0.00,0.00,468.65,0.00,468.65,4352.10,463.50,0,0,0,0.00,0,F1,150,,,,,
2026-05-11,2026-05-11,FO,NSE,STO,115956,,LTM,,2026-07-28,2026-07-28,4300.00,PE,LTM26JUL4300PE,239.00,239.00,239.00,239.00,239.00,247.10,4352.10,235.25,150,150,1,680850.00,1,F1,150,,,,,
2026-05-11,2026-05-11,FO,NSE,STO,115942,,LTM,,2026-07-28,2026-07-28,3600.00,PE,LTM26JUL3600PE,0.00,0.00,0.00,44.25,0.00,44.25,4352.10,36.05,0,0,0,0.00,0,F1,150,,,,,
2026-05-11,2026-05-11,FO,NSE,STO,140315,,LTM,,2026-06-30,2026-06-30,3900.00,PE,LTM26JUN3900PE,0.00,0.00,0.00,88.00,88.00,88.00,4352.10,57.15,3750,0,0,0.00,0,F1,150,,,,,
2026-05-11,2026-05-11,FO,NSE,STO,125140,,LTM,,2026-05-26,2026-05-26,5300.00,PE,LTM26MAY5300PE,0.00,0.00,0.00,983.85,983.85,983.85,4352.10,935.50,1950,0,0,0.00,0,F1,150,,,,,
2026-05-11,2026-05-11,FO,NSE,STO,125138,,LTM,,2026-05-26,2026-05-26,5200.00,PE,LTM26MAY5200PE,0.00,0.00,0.00,890.00,890.00,890.00,4352.10,836.30,900,0,0,0.00,0,F1,150,,,,,
2026-05-11,2026-05-11,FO,NSE,STO,125118,,LTM,,2026-05-26,2026-05-26,4200.00,PE,LTM26MAY4200PE,63.55,74.75,50.70,66.20,66.25,71.20,4352.10,66.20,82800,2850,397,253940985.00,330,F1,150,,,,,
2026-05-11,2026-05-11,FO,NSE,STO,115947,,LTM,,2026-07-28,2026-07-28,3900.00,CE,LTM26JUL3900CE,0.00,0.00,0.00,640.65,0.00,640.65,4352.10,597.00,0,0,0,0.00,0,F1,150,,,,,
2026-05-11,2026-05-11,FO,NSE,STO,115844,,LTM,,2026-06-30,2026-06-30,4750.00,CE,LTM26JUN4750CE,0.00,0.00,0.00,143.10,0.00,143.10,4352.10,104.45,0,0,0,0.00,0,F1,150,,,,,
2026-05-11,2026-05-11,FO,NSE,STO,140379,,LTM,,2026-06-30,2026-06-30,4300.00,CE,LTM26JUN4300CE,0.00,0.00,0.00,196.75,0.00,196.75,4352.10,277.80,0,0,0,0.00,0,F1,150,,,,,
2026-05-11,2026-05-11,FO,NSE,STO,140375,,LTM,,2026-06-30,2026-06-30,4200.00,CE,LTM26JUN4200CE,0.00,0.00,0.00,233.95,0.00,233.95,4352.10,334.25,0,0,0,0.00,0,F1,150,,,,,
2026-05-11,2026-05-11,FO,NSE,STO,140310,,LTM,,2026-06-30,2026-06-30,3700.00,CE,LTM26JUN3700CE,0.00,0.00,0.00,611.30,611.30,611.30,4352.10,709.95,1200,0,0,0.00,0,F1,150,,,,,
2026-05-11,2026-05-11,FO,NSE,STO,140186,,LTM,,2026-05-26,2026-05-26,4250.00,CE,LTM26MAY4250CE,150.65,182.00,140.20,144.15,141.70,152.00,4352.10,144.15,40800,-1200,60,39660960.00,60,F1,150,,,,,
2026-05-11,2026-05-11,FO,NSE,STO,140386,,LTM,,2026-06-30,2026-06-30,4600.00,PE,LTM26JUN4600PE,0.00,0.00,0.00,616.65,0.00,616.65,4352.10,356.65,0,0,0,0.00,0,F1,150,,,,,
2026-05-11,2026-05-11,FO,NSE,STO,115841,,LTM,,2026-06-30,2026-06-30,4550.00,PE,LTM26JUN4550PE,0.00,0.00,0.00,335.30,0.00,335.30,4352.10,324.60,0,0,0,0.00,0,F1,150,,,,,
2026-05-11,2026-05-11,FO,NSE,STO,140384,,LTM,,2026-06-30,2026-06-30,4500.00,PE,LTM26JUN4500PE,0.00,0.00,0.00,542.10,0.00,542.10,4352.10,294.15,0,0,0,0.00,0,F1,150,,,,,
2026-05-11,2026-05-11,FO,NSE,STO,125126,,LTM,,2026-05-26,2026-05-26,4600.00,PE,LTM26MAY4600PE,0.00,0.00,0.00,406.10,406.10,406.10,4352.10,282.10,11100,0,0,0.00,0,F1,150,,,,,
2026-05-11,2026-05-11,FO,NSE,STO,140205,,LTM,,2026-05-26,2026-05-26,4350.00,PE,LTM26MAY4350PE,139.45,152.35,109.85,134.45,136.90,139.45,4352.10,134.45,54300,5550,262,176068192.50,238,F1,150,,,,,
2026-05-11,2026-05-11,FO,NSE,STO,125110,,LTM,,2026-05-26,2026-05-26,3800.00,PE,LTM26MAY3800PE,7.10,7.50,6.00,7.50,7.50,9.35,4352.10,7.50,31050,-1650,54,30833985.00,36,F1,150,,,,,
2026-05-11,2026-05-11,FO,NSE,STO,115917,,LTM,,2026-07-28,2026-07-28,3600.00,CE,LTM26JUL3600CE,0.00,0.00,0.00,876.50,0.00,876.50,4352.10,836.65,0,0,0,0.00,0,F1,150,,,,,
2026-05-11,2026-05-11,FO,NSE,STO,115842,,LTM,,2026-06-30,2026-06-30,4650.00,CE,LTM26JUN4650CE,0.00,0.00,0.00,174.60,0.00,174.60,4352.10,132.50,0,0,0,0.00,0,F1,150,,,,,
2026-05-11,2026-05-11,FO,NSE,STO,140385,,LTM,,2026-06-30,2026-06-30,4600.00,CE,LTM26JUN4600CE,0.00,0.00,0.00,112.85,0.00,112.85,4352.10,148.60,0,0,0,0.00,0,F1,150,,,,,
2026-05-11,2026-05-11,FO,NSE,STO,140383,,LTM,,2026-06-30,2026-06-30,4500.00,CE,LTM26JUN4500CE,126.65,126.65,102.30,102.30,102.30,126.65,4352.10,102.30,450,300,3,2074687.50,3,F1,150,,,,,
2026-05-11,2026-05-11,FO,NSE,STO,115834,,LTM,,2026-06-30,2026-06-30,4250.00,CE,LTM26JUN4250CE,0.00,0.00,0.00,355.30,0.00,355.30,4352.10,305.20,0,0,0,0.00,0,F1,150,,,,,
2026-05-11,2026-05-11,FO,NSE,STF,61234,,LTM,,2026-07-28,2026-07-28,,,LTM26JULFUT,4289.30,4289.30,4265.00,4268.90,4270.00,4255.10,4352.10,4268.90,19200,2250,23,14762625.00,21,F1,150,,,,,
2026-05-11,2026-05-11,FO,NSE,STO,125119,,LTM,,2026-05-26,2026-05-26,4300.00,CE,LTM26MAY4300CE,121.00,150.50,100.25,116.90,116.25,124.30,4352.10,116.90,116250,3600,845,561513187.50,749,F1,150,,,,,
2026-05-11,2026-05-11,FO,NSE,STO,116106,,LTM,,2026-07-28,2026-07-28,4800.00,CE,LTM26JUL4800CE,0.00,0.00,0.00,184.75,0.00,184.75,4352.10,149.40,0,0,0,0.00,0,F1,150,,,,,
2026-05-11,2026-05-11,FO,NSE,STO,125128,,LTM,,2026-05-26,2026-05-26,4700.00,PE,LTM26MAY4700PE,0.00,0.00,0.00,445.30,445.30,445.30,4352.10,363.55,5700,0,0,0.00,0,F1,150,,,,,
2026-05-11,2026-05-11,FO,NSE,STO,115845,,LTM,,2026-06-30,2026-06-30,4750.00,PE,LTM26JUN4750PE,0.00,0.00,0.00,465.20,0.00,465.20,4352.10,461.25,0,0,0,0.00,0,F1,150,,,,,
2026-05-11,2026-05-11,FO,NSE,STO,115831,,LTM,,2026-06-30,2026-06-30,4050.00,PE,LTM26JUN4050PE,0.00,0.00,0.00,110.15,0.00,110.15,4352.10,94.55,0,0,0,0.00,0,F1,150,,,,,
2026-05-11,2026-05-11,FO,NSE,STO,140374,,LTM,,2026-06-30,2026-06-30,4100.00,PE,LTM26JUN4100PE,100.00,100.00,100.00,100.00,100.00,176.00,4352.10,109.85,300,150,1,630000.00,1,F1,150,,,,,
2026-05-11,2026-05-11,FO,NSE,STO,140204,,LTM,,2026-05-26,2026-05-26,4350.00,CE,LTM26MAY4350CE,97.00,123.00,80.30,93.85,93.05,99.95,4352.10,93.85,78150,14400,1533,1024417905.00,1264,F1,150,,,,,
2026-05-11,2026-05-11,FO,NSE,STO,140212,,LTM,,2026-05-26,2026-05-26,4750.00,CE,LTM26MAY4750CE,12.80,20.35,12.80,14.65,13.30,15.95,4352.10,14.65,12600,2850,56,40041232.50,56,F1,150,,,,,
2026-05-11,2026-05-11,FO,NSE,STO,115840,,LTM,,2026-06-30,2026-06-30,4550.00,CE,LTM26JUN4550CE,0.00,0.00,0.00,211.25,0.00,211.25,4352.10,166.15,0,0,0,0.00,0,F1,150,,,,,
2026-05-11,2026-05-11,FO,NSE,STO,125102,,LTM,,2026-05-26,2026-05-26,3500.00,PE,LTM26MAY3500PE,2.00,2.00,1.10,1.35,1.35,2.25,4352.10,0.15,18750,-1650,35,18382260.00,27,F1,150,,,,,
2026-05-11,2026-05-11,FO,NSE,STO,125104,,LTM,,2026-05-26,2026-05-26,3600.00,PE,LTM26MAY3600PE,2.00,2.00,2.00,2.00,2.00,2.50,4352.10,0.45,3750,-150,1,540300.00,1,F1,150,,,,,
2026-05-11,2026-05-11,FO,NSE,STO,140207,,LTM,,2026-05-26,2026-05-26,4450.00,PE,LTM26MAY4450PE,0.00,0.00,0.00,256.05,256.05,256.05,4352.10,177.05,5550,0,0,0.00,0,F1,150,,,,,
2026-05-11,2026-05-11,FO,NSE,STO,115837,,LTM,,2026-06-30,2026-06-30,4350.00,PE,LTM26JUN4350PE,0.00,0.00,0.00,320.65,320.65,320.65,4352.10,212.40,150,0,0,0.00,0,F1,150,,,,,
2026-05-11,2026-05-11,FO,NSE,STO,140387,,LTM,,2026-06-30,2026-06-30,4700.00,CE,LTM26JUN4700CE,0.00,0.00,0.00,105.80,105.80,105.80,4352.10,117.80,300,0,0,0.00,0,F1,150,,,,,
2026-05-11,2026-05-11,FO,NSE,STO,115838,,LTM,,2026-06-30,2026-06-30,4450.00,CE,LTM26JUN4450CE,0.00,0.00,0.00,253.40,0.00,253.40,4352.10,205.90,0,0,0,0.00,0,F1,150,,,,,
2026-05-11,2026-05-11,FO,NSE,STO,140232,,LTM,,2026-05-26,2026-05-26,5050.00,CE,LTM26MAY5050CE,0.00,0.00,0.00,2.50,2.50,2.50,4352.10,3.05,600,0,0,0.00,0,F1,150,,,,,
2026-05-11,2026-05-11,FO,NSE,STO,140222,,LTM,,2026-05-26,2026-05-26,4950.00,CE,LTM26MAY4950CE,0.00,0.00,0.00,4.15,4.15,4.15,4352.10,6.00,900,0,0,0.00,0,F1,150,,,,,
2026-05-11,2026-05-11,FO,NSE,STO,125103,,LTM,,2026-05-26,2026-05-26,3600.00,CE,LTM26MAY3600CE,710.00,710.00,710.00,710.00,710.00,674.45,4352.10,761.25,1650,-300,2,1293000.00,1,F1,150,,,,,
2026-05-11,2026-05-11,FO,NSE,STO,125120,,LTM,,2026-05-26,2026-05-26,4300.00,PE,LTM26MAY4300PE,110.00,127.25,86.15,109.00,110.70,114.20,4352.10,109.00,115650,12000,791,522647235.00,727,F1,150,,,,,
2026-05-11,2026-05-11,FO,NSE,STO,115954,,LTM,,2026-07-28,2026-07-28,4200.00,PE,LTM26JUL4200PE,0.00,0.00,0.00,189.00,199.00,189.00,4352.10,191.40,300,0,0,0.00,0,F1,150,,,,,
2026-05-11,2026-05-11,FO,NSE,STO,115948,,LTM,,2026-07-28,2026-07-28,3900.00,PE,LTM26JUL3900PE,0.00,0.00,0.00,104.05,0.00,104.05,4352.10,92.35,0,0,0,0.00,0,F1,150,,,,,
2026-05-11,2026-05-11,FO,NSE,STO,140390,,LTM,,2026-06-30,2026-06-30,4800.00,PE,LTM26JUN4800PE,0.00,0.00,0.00,648.15,648.15,648.15,4352.10,498.95,600,0,0,0.00,0,F1,150,,,,,
2026-05-11,2026-05-11,FO,NSE,STO,116097,,LTM,,2026-07-28,2026-07-28,4500.00,CE,LTM26JUL4500CE,0.00,0.00,0.00,293.65,0.00,293.65,4352.10,251.95,0,0,0,0.00,0,F1,150,,,,,
2026-05-11,2026-05-11,FO,NSE,STO,115946,,LTM,,2026-07-28,2026-07-28,3800.00,PE,LTM26JUL3800PE,0.00,0.00,0.00,79.95,0.00,79.95,4352.10,69.20,0,0,0,0.00,0,F1,150,,,,,
2026-05-11,2026-05-11,FO,NSE,STO,125136,,LTM,,2026-05-26,2026-05-26,5100.00,PE,LTM26MAY5100PE,0.00,0.00,0.00,570.00,570.00,570.00,4352.10,737.65,150,0,0,0.00,0,F1,150,,,,,
2026-05-11,2026-05-11,FO,NSE,STO,140215,,LTM,,2026-05-26,2026-05-26,4850.00,PE,LTM26MAY4850PE,0.00,0.00,0.00,727.70,727.70,727.70,4352.10,497.50,150,0,0,0.00,0,F1,150,,,,,
2026-05-11,2026-05-11,FO,NSE,STO,125114,,LTM,,2026-05-26,2026-05-26,4000.00,PE,LTM26MAY4000PE,23.85,29.10,16.90,22.40,22.30,25.50,4352.10,22.40,48300,3450,560,337812262.50,392,F1,150,,,,,
2026-05-11,2026-05-11,FO,NSE,STO,116119,,LTM,,2026-07-28,2026-07-28,5000.00,CE,LTM26JUL5000CE,0.00,0.00,0.00,132.55,0.00,132.55,4352.10,102.30,0,0,0,0.00,0,F1,150,,,,,
2026-05-11,2026-05-11,FO,NSE,STO,115951,,LTM,,2026-07-28,2026-07-28,4100.00,CE,LTM26JUL4100CE,0.00,0.00,0.00,505.10,0.00,505.10,4352.10,460.35,0,0,0,0.00,0,F1,150,,,,,
2026-05-11,2026-05-11,FO,NSE,STO,140389,,LTM,,2026-06-30,2026-06-30,4800.00,CE,LTM26JUN4800CE,0.00,0.00,0.00,58.95,58.95,58.95,4352.10,92.60,300,0,0,0.00,0,F1,150,,,,,
2026-05-11,2026-05-11,FO,NSE,STO,140175,,LTM,,2026-05-26,2026-05-26,4150.00,CE,LTM26MAY4150CE,220.00,237.25,205.50,208.00,208.00,213.75,4352.10,208.00,3900,-600,20,13091925.00,20,F1,150,,,,,
2026-05-11,2026-05-11,FO,NSE,STF,66271,,LTM,,2026-05-26,2026-05-26,,,LTM26MAYFUT,4265.40,4365.90,4265.40,4305.50,4306.70,4308.40,4352.10,4305.50,3155850,7950,2629,1704902670.00,2357,F1,150,,,,,
2026-05-11,2026-05-11,FO,NSE,STO,140308,,LTM,,2026-06-30,2026-06-30,3600.00,CE,LTM26JUN3600CE,684.40,684.40,684.40,684.40,684.40,570.25,4352.10,684.40,450,450,3,1927980.00,1,F1,150,,,,,
2026-05-11,2026-05-11,FO,NSE,STO,125142,,LTM,,2026-05-26,2026-05-26,5400.00,PE,LTM26MAY5400PE,0.00,0.00,0.00,1075.50,1075.50,1075.50,4352.10,1035.00,8850,0,0,0.00,0,F1,150,,,,,
2026-05-11,2026-05-11,FO,NSE,STO,140233,,LTM,,2026-05-26,2026-05-26,5050.00,PE,LTM26MAY5050PE,0.00,0.00,0.00,819.00,819.00,819.00,4352.10,688.65,900,0,0,0.00,0,F1,150,,,,,
2026-05-11,2026-05-11,FO,NSE,STO,140199,,LTM,,2026-05-26,2026-05-26,4250.00,PE,LTM26MAY4250PE,80.00,94.65,68.85,84.25,86.05,85.50,4352.10,84.25,49050,1500,134,87046672.50,134,F1,150,,,,,
2026-05-11,2026-05-11,FO,NSE,STO,115953,,LTM,,2026-07-28,2026-07-28,4200.00,CE,LTM26JUL4200CE,0.00,0.00,0.00,444.75,0.00,444.75,4352.10,400.10,0,0,0,0.00,0,F1,150,,,,,
2026-05-11,2026-05-11,FO,NSE,STO,116112,,LTM,,2026-07-28,2026-07-28,4800.00,PE,LTM26JUL4800PE,0.00,0.00,0.00,535.25,0.00,535.25,4352.10,532.60,0,0,0,0.00,0,F1,150,,,,,
2026-05-11,2026-05-11,FO,NSE,STO,125115,,LTM,,2026-05-26,2026-05-26,4100.00,CE,LTM26MAY4100CE,251.10,265.65,243.45,245.60,245.45,251.10,4352.10,245.60,12300,0,6,3914872.50,6,F1,150,,,,,
2026-05-11,2026-05-11,FO,NSE,STO,125141,,LTM,,2026-05-26,2026-05-26,5400.00,CE,LTM26MAY5400CE,1.50,1.55,1.50,1.55,1.55,1.50,4352.10,0.20,1800,-300,2,1620457.50,2,F1,150,,,,,
2026-05-11,2026-05-11,FO,NSE,STO,140312,,LTM,,2026-06-30,2026-06-30,3800.00,CE,LTM26JUN3800CE,0.00,0.00,0.00,435.95,0.00,435.95,4352.10,624.15,0,0,0,0.00,0,F1,150,,,,,
2026-05-11,2026-05-11,FO,NSE,STO,115799,,LTM,,2026-06-30,2026-06-30,3850.00,CE,LTM26JUN3850CE,487.00,496.85,487.00,496.85,496.85,486.30,4352.10,582.95,3150,-1050,7,4555327.50,3,F1,150,,,,,
2026-05-11,2026-05-11,FO,NSE,STO,140382,,LTM,,2026-06-30,2026-06-30,4400.00,PE,LTM26JUN4400PE,0.00,0.00,0.00,471.80,0.00,471.80,4352.10,237.95,0,0,0,0.00,0,F1,150,,,,,
2026-05-11,2026-05-11,FO,NSE,STO,125132,,LTM,,2026-05-26,2026-05-26,4900.00,PE,LTM26MAY4900PE,0.00,0.00,0.00,580.00,580.00,580.00,4352.10,544.30,450,0,0,0.00,0,F1,150,,,,,
2026-05-11,2026-05-11,FO,NSE,STO,140316,,LTM,,2026-06-30,2026-06-30,4000.00,CE,LTM26JUN4000CE,0.00,0.00,0.00,250.00,250.00,250.00,4352.10,467.40,150,0,0,0.00,0,F1,150,,,,,
2026-05-11,2026-05-11,FO,NSE,STO,115832,,LTM,,2026-06-30,2026-06-30,4150.00,CE,LTM26JUN4150CE,0.00,0.00,0.00,415.25,0.00,415.25,4352.10,365.05,0,0,0,0.00,0,F1,150,,,,,
2026-05-11,2026-05-11,FO,NSE,STO,125116,,LTM,,2026-05-26,2026-05-26,4100.00,PE,LTM26MAY4100PE,45.00,45.40,29.50,38.75,38.85,42.90,4352.10,38.75,49950,5850,349,216539332.50,321,F1,150,,,,,
2026-05-11,2026-05-11,FO,NSE,STO,115843,,LTM,,2026-06-30,2026-06-30,4650.00,PE,LTM26JUN4650PE,0.00,0.00,0.00,397.65,0.00,397.65,4352.10,390.15,0,0,0,0.00,0,F1,150,,,,,
2026-05-11,2026-05-11,FO,NSE,STO,140213,,LTM,,2026-05-26,2026-05-26,4750.00,PE,LTM26MAY4750PE,0.00,0.00,0.00,628.00,628.00,628.00,4352.10,406.85,300,0,0,0.00,0,F1,150,,,,,
2026-05-11,2026-05-11,FO,NSE,STO,140163,,LTM,,2026-05-26,2026-05-26,3850.00,CE,LTM26MAY3850CE,0.00,0.00,0.00,334.40,0.00,334.40,4352.10,516.95,0,0,0,0.00,0,F1,150,,,,,
2026-05-11,2026-05-11,FO,NSE,STO,125113,,LTM,,2026-05-26,2026-05-26,4000.00,CE,LTM26MAY4000CE,346.00,369.90,323.95,326.20,326.20,346.10,4352.10,379.75,5250,150,21,13686292.50,19,F1,150,,,,,
2026-05-11,2026-05-11,FO,NSE,STO,140234,,LTM,,2026-05-26,2026-05-26,5150.00,CE,LTM26MAY5150CE,2.50,4.85,2.50,4.85,4.85,10.00,4352.10,1.45,300,150,11,8503552.50,3,F1,150,,,,,
2026-05-11,2026-05-11,FO,NSE,STO,125137,,LTM,,2026-05-26,2026-05-26,5200.00,CE,LTM26MAY5200CE,4.05,4.05,4.05,4.05,4.05,3.55,4352.10,1.00,2100,0,1,780607.50,1,F1,150,,,,,
2026-05-11,2026-05-11,FO,NSE,STO,125122,,LTM,,2026-05-26,2026-05-26,4400.00,PE,LTM26MAY4400PE,160.10,180.80,134.30,166.40,166.00,171.65,4352.10,166.40,66300,2850,131,89570430.00,124,F1,150,,,,,
2026-05-11,2026-05-11,FO,NSE,STO,116098,,LTM,,2026-07-28,2026-07-28,4500.00,PE,LTM26JUL4500PE,0.00,0.00,0.00,348.45,0.00,348.45,4352.10,339.20,0,0,0,0.00,0,F1,150,,,,,
2026-05-11,2026-05-11,FO,NSE,STO,115952,,LTM,,2026-07-28,2026-07-28,4100.00,PE,LTM26JUL4100PE,0.00,0.00,0.00,165.60,0.00,165.60,4352.10,153.00,0,0,0,0.00,0,F1,150,,,,,
2026-05-11,2026-05-11,FO,NSE,STO,115833,,LTM,,2026-06-30,2026-06-30,4150.00,PE,LTM26JUN4150PE,0.00,0.00,0.00,143.30,0.00,143.30,4352.10,127.00,0,0,0,0.00,0,F1,150,,,,,
2026-05-11,2026-05-11,FO,NSE,STO,115827,,LTM,,2026-06-30,2026-06-30,3850.00,PE,LTM26JUN3850PE,0.00,0.00,0.00,76.30,76.30,76.30,4352.10,47.50,1800,0,0,0.00,0,F1,150,,,,,
2026-05-11,2026-05-11,FO,NSE,STO,140311,,LTM,,2026-06-30,2026-06-30,3700.00,PE,LTM26JUN3700PE,40.00,40.00,31.15,32.35,31.20,46.15,4352.10,32.35,600,0,4,2240550.00,4,F1,150,,,,,
2026-05-11,2026-05-11,FO,NSE,STO,140166,,LTM,,2026-05-26,2026-05-26,3950.00,PE,LTM26MAY3950PE,19.05,19.05,14.30,16.15,16.60,19.05,4352.10,16.15,9450,150,22,13092630.00,17,F1,150,,,,,
