TradDt,BizDt,Sgmt,Src,FinInstrmTp,FinInstrmId,ISIN,TckrSymb,SctySrs,XpryDt,FininstrmActlXpryDt,StrkPric,OptnTp,FinInstrmNm,OpnPric,HghPric,LwPric,ClsPric,LastPric,PrvsClsgPric,UndrlygPric,SttlmPric,OpnIntrst,ChngInOpnIntrst,TtlTradgVol,TtlTrfVal,TtlNbOfTxsExctd,SsnId,NewBrdLotQty,Rmks,Rsvd1,Rsvd2,Rsvd3,Rsvd4
2026-06-01,2026-06-01,FO,NSE,IDO,81332,,NIFTYNXT50,,2026-06-30,2026-06-30,59300.00,PE,NIFTYNXT5026JUN59300PE,0.00,0.00,0.00,1698.80,0.00,1698.80,69921.85,5.60,0,0,0,0.00,0,F1,25,,,,,
2026-06-01,2026-06-01,FO,NSE,IDO,81242,,NIFTYNXT50,,2026-06-30,2026-06-30,57500.00,PE,NIFTYNXT5026JUN57500PE,0.00,0.00,0.00,1091.65,0.00,1091.65,69921.85,1.10,0,0,0,0.00,0,F1,25,,,,,
2026-06-01,2026-06-01,FO,NSE,IDO,81238,,NIFTYNXT50,,2026-06-30,2026-06-30,57300.00,PE,NIFTYNXT5026JUN57300PE,0.00,0.00,0.00,1037.80,0.00,1037.80,69921.85,0.90,0,0,0,0.00,0,F1,25,,,,,
2026-06-01,2026-06-01,FO,NSE,IDO,81129,,NIFTYNXT50,,2026-06-30,2026-06-30,56000.00,PE,NIFTYNXT5026JUN56000PE,0.00,0.00,0.00,718.40,0.00,718.40,69921.85,0.25,0,0,0,0.00,0,F1,25,,,,,
2026-06-01,2026-06-01,FO,NSE,IDO,81016,,NIFTYNXT50,,2026-06-30,2026-06-30,55600.00,PE,NIFTYNXT5026JUN55600PE,0.00,0.00,0.00,636.85,0.00,636.85,69921.85,0.15,0,0,0,0.00,0,F1,25,,,,,
2026-06-01,2026-06-01,FO,NSE,IDO,65611,,NIFTYNXT50,,2026-08-25,2026-08-25,78800.00,CE,NIFTYNXT5026AUG78800CE,0.00,0.00,0.00,1030.25,0.00,1030.25,69921.85,762.10,0,0,0,0.00,0,F1,25,,,,,
2026-06-01,2026-06-01,FO,NSE,IDO,65609,,NIFTYNXT50,,2026-08-25,2026-08-25,78700.00,CE,NIFTYNXT5026AUG78700CE,0.00,0.00,0.00,1049.90,0.00,1049.90,69921.85,778.00,0,0,0,0.00,0,F1,25,,,,,
2026-06-01,2026-06-01,FO,NSE,IDO,80771,,NIFTYNXT50,,2026-06-30,2026-06-30,51000.00,CE,NIFTYNXT5026JUN51000CE,0.00,0.00,0.00,10380.35,0.00,10380.35,69921.85,19165.20,0,0,0,0.00,0,F1,25,,,,,
2026-06-01,2026-06-01,FO,NSE,IDO,81222,,NIFTYNXT50,,2026-06-30,2026-06-30,56900.00,CE,NIFTYNXT5026JUN56900CE,0.00,0.00,0.00,5400.55,0.00,5400.55,69921.85,13293.95,0,0,0,0.00,0,F1,25,,,,,
2026-06-01,2026-06-01,FO,NSE,IDO,81228,,NIFTYNXT50,,2026-06-30,2026-06-30,57200.00,CE,NIFTYNXT5026JUN57200CE,0.00,0.00,0.00,5184.85,0.00,5184.85,69921.85,12995.60,0,0,0,0.00,0,F1,25,,,,,
2026-06-01,2026-06-01,FO,NSE,IDO,81245,,NIFTYNXT50,,2026-06-30,2026-06-30,57700.00,CE,NIFTYNXT5026JUN57700CE,0.00,0.00,0.00,4833.65,0.00,4833.65,69921.85,12498.50,0,0,0,0.00,0,F1,25,,,,,
2026-06-01,2026-06-01,FO,NSE,IDO,81547,,NIFTYNXT50,,2026-06-30,2026-06-30,63200.00,CE,NIFTYNXT5026JUN63200CE,0.00,0.00,0.00,1932.35,0.00,1932.35,69921.85,7114.20,0,0,0,0.00,0,F1,25,,,,,
2026-06-01,2026-06-01,FO,NSE,IDO,81771,,NIFTYNXT50,,2026-06-30,2026-06-30,67200.00,CE,NIFTYNXT5026JUN67200CE,0.00,0.00,0.00,831.35,0.00,831.35,69921.85,3687.70,0,0,0,0.00,0,F1,25,,,,,
2026-06-01,2026-06-01,FO,NSE,IDO,81789,,NIFTYNXT50,,2026-06-30,2026-06-30,68100.00,CE,NIFTYNXT5026JUN68100CE,0.00,0.00,0.00,673.85,0.00,673.85,69921.85,3048.40,0,0,0,0.00,0,F1,25,,,,,
2026-06-01,2026-06-01,FO,NSE,IDO,82037,,NIFTYNXT50,,2026-06-30,2026-06-30,74000.00,CE,NIFTYNXT5026JUN74000CE,0.00,0.00,0.00,142.60,0.00,142.60,69921.85,553.00,0,0,0,0.00,0,F1,25,,,,,
2026-06-01,2026-06-01,FO,NSE,IDO,41004,,NIFTYNXT50,,2026-06-30,2026-06-30,76400.00,CE,NIFTYNXT5026JUN76400CE,0.00,0.00,0.00,516.10,516.10,516.10,69921.85,215.30,25,0,0,0.00,0,F1,25,,,,,
2026-06-01,2026-06-01,FO,NSE,IDO,41043,,NIFTYNXT50,,2026-06-30,2026-06-30,77700.00,CE,NIFTYNXT5026JUN77700CE,0.00,0.00,0.00,337.25,0.00,337.25,69921.85,121.40,0,0,0,0.00,0,F1,25,,,,,
2026-06-01,2026-06-01,FO,NSE,IDO,41049,,NIFTYNXT50,,2026-06-30,2026-06-30,78100.00,CE,NIFTYNXT5026JUN78100CE,0.00,0.00,0.00,305.75,0.00,305.75,69921.85,100.90,0,0,0,0.00,0,F1,25,,,,,
2026-06-01,2026-06-01,FO,NSE,IDO,64423,,NIFTYNXT50,,2026-07-28,2026-07-28,60000.00,CE,NIFTYNXT5026JUL60000CE,0.00,0.00,0.00,11632.45,0.00,11632.45,69921.85,10639.05,0,0,0,0.00,0,F1,25,,,,,
2026-06-01,2026-06-01,FO,NSE,IDO,64458,,NIFTYNXT50,,2026-07-28,2026-07-28,61400.00,CE,NIFTYNXT5026JUL61400CE,0.00,0.00,0.00,10370.05,0.00,10370.05,69921.85,9325.30,0,0,0,0.00,0,F1,25,,,,,
2026-06-01,2026-06-01,FO,NSE,IDO,64477,,NIFTYNXT50,,2026-07-28,2026-07-28,61900.00,CE,NIFTYNXT5026JUL61900CE,0.00,0.00,0.00,9930.35,0.00,9930.35,69921.85,8866.15,0,0,0,0.00,0,F1,25,,,,,
2026-06-01,2026-06-01,FO,NSE,IDO,64479,,NIFTYNXT50,,2026-07-28,2026-07-28,62000.00,CE,NIFTYNXT5026JUL62000CE,0.00,0.00,0.00,9843.15,0.00,9843.15,69921.85,8775.10,0,0,0,0.00,0,F1,25,,,,,
2026-06-01,2026-06-01,FO,NSE,IDO,64499,,NIFTYNXT50,,2026-07-28,2026-07-28,62600.00,CE,NIFTYNXT5026JUL62600CE,0.00,0.00,0.00,9326.00,0.00,9326.00,69921.85,8234.35,0,0,0,0.00,0,F1,25,,,,,
2026-06-01,2026-06-01,FO,NSE,IDO,64543,,NIFTYNXT50,,2026-07-28,2026-07-28,64100.00,CE,NIFTYNXT5026JUL64100CE,0.00,0.00,0.00,8081.35,0.00,8081.35,69921.85,6932.90,0,0,0,0.00,0,F1,25,,,,,
2026-06-01,2026-06-01,FO,NSE,IDO,64571,,NIFTYNXT50,,2026-07-28,2026-07-28,65400.00,CE,NIFTYNXT5026JUL65400CE,0.00,0.00,0.00,7066.40,0.00,7066.40,69921.85,5876.60,0,0,0,0.00,0,F1,25,,,,,
2026-06-01,2026-06-01,FO,NSE,IDO,64587,,NIFTYNXT50,,2026-07-28,2026-07-28,66200.00,CE,NIFTYNXT5026JUL66200CE,0.00,0.00,0.00,6477.15,0.00,6477.15,69921.85,5265.85,0,0,0,0.00,0,F1,25,,,,,
2026-06-01,2026-06-01,FO,NSE,IDO,64591,,NIFTYNXT50,,2026-07-28,2026-07-28,66400.00,CE,NIFTYNXT5026JUL66400CE,0.00,0.00,0.00,6333.20,0.00,6333.20,69921.85,5120.80,0,0,0,0.00,0,F1,25,,,,,
2026-06-01,2026-06-01,FO,NSE,IDO,64641,,NIFTYNXT50,,2026-07-28,2026-07-28,68600.00,CE,NIFTYNXT5026JUL68600CE,0.00,0.00,0.00,4867.15,0.00,4867.15,69921.85,3642.85,0,0,0,0.00,0,F1,25,,,,,
2026-06-01,2026-06-01,FO,NSE,IDO,64647,,NIFTYNXT50,,2026-07-28,2026-07-28,68900.00,CE,NIFTYNXT5026JUL68900CE,0.00,0.00,0.00,4685.05,0.00,4685.05,69921.85,3464.10,0,0,0,0.00,0,F1,25,,,,,
2026-06-01,2026-06-01,FO,NSE,IDO,64707,,NIFTYNXT50,,2026-07-28,2026-07-28,70900.00,CE,NIFTYNXT5026JUL70900CE,0.00,0.00,0.00,3581.65,0.00,3581.65,69921.85,2414.45,0,0,0,0.00,0,F1,25,,,,,
2026-06-01,2026-06-01,FO,NSE,IDO,64755,,NIFTYNXT50,,2026-07-28,2026-07-28,72500.00,CE,NIFTYNXT5026JUL72500CE,0.00,0.00,0.00,2836.80,0.00,2836.80,69921.85,1751.10,0,0,0,0.00,0,F1,25,,,,,
2026-06-01,2026-06-01,FO,NSE,IDO,64769,,NIFTYNXT50,,2026-07-28,2026-07-28,73200.00,CE,NIFTYNXT5026JUL73200CE,0.00,0.00,0.00,2548.75,0.00,2548.75,69921.85,1507.55,0,0,0,0.00,0,F1,25,,,,,
2026-06-01,2026-06-01,FO,NSE,IDO,64781,,NIFTYNXT50,,2026-07-28,2026-07-28,73600.00,CE,NIFTYNXT5026JUL73600CE,0.00,0.00,0.00,2394.10,0.00,2394.10,69921.85,1380.35,0,0,0,0.00,0,F1,25,,,,,
2026-06-01,2026-06-01,FO,NSE,IDO,64783,,NIFTYNXT50,,2026-07-28,2026-07-28,73700.00,CE,NIFTYNXT5026JUL73700CE,0.00,0.00,0.00,2356.55,0.00,2356.55,69921.85,1349.90,0,0,0,0.00,0,F1,25,,,,,
2026-06-01,2026-06-01,FO,NSE,IDO,64809,,NIFTYNXT50,,2026-07-28,2026-07-28,74300.00,CE,NIFTYNXT5026JUL74300CE,0.00,0.00,0.00,2140.45,0.00,2140.45,69921.85,1177.90,0,0,0,0.00,0,F1,25,,,,,
2026-06-01,2026-06-01,FO,NSE,IDO,64328,,NIFTYNXT50,,2026-08-25,2026-08-25,64000.00,CE,NIFTYNXT5026AUG64000CE,0.00,0.00,0.00,8483.35,0.00,8483.35,69921.85,7608.95,0,0,0,0.00,0,F1,25,,,,,
2026-06-01,2026-06-01,FO,NSE,IDO,64364,,NIFTYNXT50,,2026-08-25,2026-08-25,64800.00,CE,NIFTYNXT5026AUG64800CE,0.00,0.00,0.00,7835.30,0.00,7835.30,69921.85,6980.95,0,0,0,0.00,0,F1,25,,,,,
2026-06-01,2026-06-01,FO,NSE,IDO,64370,,NIFTYNXT50,,2026-08-25,2026-08-25,65100.00,CE,NIFTYNXT5026AUG65100CE,0.00,0.00,0.00,7598.20,0.00,7598.20,69921.85,6752.00,0,0,0,0.00,0,F1,25,,,,,
2026-06-01,2026-06-01,FO,NSE,IDO,64446,,NIFTYNXT50,,2026-08-25,2026-08-25,65500.00,CE,NIFTYNXT5026AUG65500CE,0.00,0.00,0.00,7287.30,0.00,7287.30,69921.85,6452.60,0,0,0,0.00,0,F1,25,,,,,
2026-06-01,2026-06-01,FO,NSE,IDO,64466,,NIFTYNXT50,,2026-08-25,2026-08-25,66000.00,CE,NIFTYNXT5026AUG66000CE,0.00,0.00,0.00,6907.45,0.00,6907.45,69921.85,6090.15,0,0,0,0.00,0,F1,25,,,,,
2026-06-01,2026-06-01,FO,NSE,IDO,64516,,NIFTYNXT50,,2026-08-25,2026-08-25,66600.00,CE,NIFTYNXT5026AUG66600CE,0.00,0.00,0.00,6467.40,0.00,6467.40,69921.85,5664.05,0,0,0,0.00,0,F1,25,,,,,
2026-06-01,2026-06-01,FO,NSE,IDO,64520,,NIFTYNXT50,,2026-08-25,2026-08-25,66800.00,CE,NIFTYNXT5026AUG66800CE,0.00,0.00,0.00,6323.05,0.00,6323.05,69921.85,5526.90,0,0,0,0.00,0,F1,25,,,,,
2026-06-01,2026-06-01,FO,NSE,IDO,64608,,NIFTYNXT50,,2026-08-25,2026-08-25,67100.00,CE,NIFTYNXT5026AUG67100CE,0.00,0.00,0.00,6109.80,0.00,6109.80,69921.85,5324.60,0,0,0,0.00,0,F1,25,,,,,
2026-06-01,2026-06-01,FO,NSE,IDO,64653,,NIFTYNXT50,,2026-08-25,2026-08-25,67300.00,CE,NIFTYNXT5026AUG67300CE,0.00,0.00,0.00,5967.05,0.00,5967.05,69921.85,5192.15,0,0,0,0.00,0,F1,25,,,,,
2026-06-01,2026-06-01,FO,NSE,IDO,64797,,NIFTYNXT50,,2026-08-25,2026-08-25,69100.00,CE,NIFTYNXT5026AUG69100CE,0.00,0.00,0.00,4791.70,0.00,4791.70,69921.85,4088.15,0,0,0,0.00,0,F1,25,,,,,
2026-06-01,2026-06-01,FO,NSE,IDO,64860,,NIFTYNXT50,,2026-08-25,2026-08-25,69700.00,CE,NIFTYNXT5026AUG69700CE,0.00,0.00,0.00,4433.85,0.00,4433.85,69921.85,3756.20,0,0,0,0.00,0,F1,25,,,,,
2026-06-01,2026-06-01,FO,NSE,IDO,64996,,NIFTYNXT50,,2026-08-25,2026-08-25,71500.00,CE,NIFTYNXT5026AUG71500CE,0.00,0.00,0.00,3464.75,0.00,3464.75,69921.85,2869.10,0,0,0,0.00,0,F1,25,,,,,
2026-06-01,2026-06-01,FO,NSE,IDO,65002,,NIFTYNXT50,,2026-08-25,2026-08-25,71600.00,CE,NIFTYNXT5026AUG71600CE,0.00,0.00,0.00,3415.20,0.00,3415.20,69921.85,2824.60,0,0,0,0.00,0,F1,25,,,,,
2026-06-01,2026-06-01,FO,NSE,IDO,65071,,NIFTYNXT50,,2026-08-25,2026-08-25,72600.00,CE,NIFTYNXT5026AUG72600CE,0.00,0.00,0.00,2949.25,0.00,2949.25,69921.85,2406.25,0,0,0,0.00,0,F1,25,,,,,
2026-06-01,2026-06-01,FO,NSE,IDO,65321,,NIFTYNXT50,,2026-08-25,2026-08-25,75200.00,CE,NIFTYNXT5026AUG75200CE,0.00,0.00,0.00,1954.00,0.00,1954.00,69921.85,1534.05,0,0,0,0.00,0,F1,25,,,,,
2026-06-01,2026-06-01,FO,NSE,IDO,65503,,NIFTYNXT50,,2026-08-25,2026-08-25,77500.00,CE,NIFTYNXT5026AUG77500CE,0.00,0.00,0.00,1312.75,0.00,1312.75,69921.85,991.55,0,0,0,0.00,0,F1,25,,,,,
2026-06-01,2026-06-01,FO,NSE,IDO,65890,,NIFTYNXT50,,2026-08-25,2026-08-25,82000.00,PE,NIFTYNXT5026AUG82000PE,0.00,0.00,0.00,10388.45,0.00,10388.45,69921.85,11165.90,0,0,0,0.00,0,F1,25,,,,,
2026-06-01,2026-06-01,FO,NSE,IDO,65516,,NIFTYNXT50,,2026-08-25,2026-08-25,78100.00,PE,NIFTYNXT5026AUG78100PE,0.00,0.00,0.00,7178.25,0.00,7178.25,69921.85,7826.95,0,0,0,0.00,0,F1,25,,,,,
2026-06-01,2026-06-01,FO,NSE,IDO,65508,,NIFTYNXT50,,2026-08-25,2026-08-25,77700.00,PE,NIFTYNXT5026AUG77700PE,0.00,0.00,0.00,6873.15,0.00,6873.15,69921.85,7506.75,0,0,0,0.00,0,F1,25,,,,,
2026-06-01,2026-06-01,FO,NSE,IDO,65506,,NIFTYNXT50,,2026-08-25,2026-08-25,77600.00,PE,NIFTYNXT5026AUG77600PE,0.00,0.00,0.00,6797.75,0.00,6797.75,69921.85,7427.50,0,0,0,0.00,0,F1,25,,,,,
2026-06-01,2026-06-01,FO,NSE,IDO,65504,,NIFTYNXT50,,2026-08-25,2026-08-25,77500.00,PE,NIFTYNXT5026AUG77500PE,0.00,0.00,0.00,6722.65,0.00,6722.65,69921.85,7348.55,0,0,0,0.00,0,F1,25,,,,,
2026-06-01,2026-06-01,FO,NSE,IDO,65282,,NIFTYNXT50,,2026-08-25,2026-08-25,75000.00,PE,NIFTYNXT5026AUG75000PE,0.00,0.00,0.00,4966.85,0.00,4966.85,69921.85,5487.20,0,0,0,0.00,0,F1,25,,,,,
2026-06-01,2026-06-01,FO,NSE,IDO,65156,,NIFTYNXT50,,2026-08-25,2026-08-25,73700.00,PE,NIFTYNXT5026AUG73700PE,0.00,0.00,0.00,4157.15,0.00,4157.15,69921.85,4617.55,0,0,0,0.00,0,F1,25,,,,,
2026-06-01,2026-06-01,FO,NSE,IDO,65082,,NIFTYNXT50,,2026-08-25,2026-08-25,72700.00,PE,NIFTYNXT5026AUG72700PE,0.00,0.00,0.00,3586.10,0.00,3586.10,69921.85,3999.70,0,0,0,0.00,0,F1,25,,,,,
2026-06-01,2026-06-01,FO,NSE,IDO,65011,,NIFTYNXT50,,2026-08-25,2026-08-25,71700.00,PE,NIFTYNXT5026AUG71700PE,0.00,0.00,0.00,3062.05,0.00,3062.05,69921.85,3428.95,0,0,0,0.00,0,F1,25,,,,,
2026-06-01,2026-06-01,FO,NSE,IDO,64995,,NIFTYNXT50,,2026-08-25,2026-08-25,71400.00,PE,NIFTYNXT5026AUG71400PE,0.00,0.00,0.00,2914.50,0.00,2914.50,69921.85,3267.25,0,0,0,0.00,0,F1,25,,,,,
2026-06-01,2026-06-01,FO,NSE,IDO,64931,,NIFTYNXT50,,2026-08-25,2026-08-25,70400.00,PE,NIFTYNXT5026AUG70400PE,0.00,0.00,0.00,2453.10,0.00,2453.10,69921.85,2760.85,0,0,0,0.00,0,F1,25,,,,,
2026-06-01,2026-06-01,FO,NSE,IDO,64624,,NIFTYNXT50,,2026-08-25,2026-08-25,67200.00,PE,NIFTYNXT5026AUG67200PE,0.00,0.00,0.00,1301.70,0.00,1301.70,69921.85,1477.45,0,0,0,0.00,0,F1,25,,,,,
2026-06-01,2026-06-01,FO,NSE,IDO,64519,,NIFTYNXT50,,2026-08-25,2026-08-25,66700.00,PE,NIFTYNXT5026AUG66700PE,0.00,0.00,0.00,1164.50,0.00,1164.50,69921.85,1322.40,0,0,0,0.00,0,F1,25,,,,,
2026-06-01,2026-06-01,FO,NSE,IDO,64465,,NIFTYNXT50,,2026-08-25,2026-08-25,65900.00,PE,NIFTYNXT5026AUG65900PE,0.00,0.00,0.00,963.90,0.00,963.90,69921.85,1102.10,0,0,0,0.00,0,F1,25,,,,,
2026-06-01,2026-06-01,FO,NSE,IDO,64329,,NIFTYNXT50,,2026-08-25,2026-08-25,64000.00,PE,NIFTYNXT5026AUG64000PE,0.00,0.00,0.00,592.75,0.00,592.75,69921.85,678.65,0,0,0,0.00,0,F1,25,,,,,
2026-06-01,2026-06-01,FO,NSE,IDO,64323,,NIFTYNXT50,,2026-08-25,2026-08-25,63900.00,PE,NIFTYNXT5026AUG63900PE,0.00,0.00,0.00,576.75,0.00,576.75,69921.85,660.45,0,0,0,0.00,0,F1,25,,,,,
2026-06-01,2026-06-01,FO,NSE,IDO,65023,,NIFTYNXT50,,2026-07-28,2026-07-28,81500.00,PE,NIFTYNXT5026JUL81500PE,0.00,0.00,0.00,10330.25,0.00,10330.25,69921.85,10882.30,0,0,0,0.00,0,F1,25,,,,,
2026-06-01,2026-06-01,FO,NSE,IDO,64989,,NIFTYNXT50,,2026-07-28,2026-07-28,80500.00,PE,NIFTYNXT5026JUL80500PE,0.00,0.00,0.00,9472.50,0.00,9472.50,69921.85,9952.75,0,0,0,0.00,0,F1,25,,,,,
2026-06-01,2026-06-01,FO,NSE,IDO,64927,,NIFTYNXT50,,2026-07-28,2026-07-28,78900.00,PE,NIFTYNXT5026JUL78900PE,0.00,0.00,0.00,8150.75,0.00,8150.75,69921.85,8504.70,0,0,0,0.00,0,F1,25,,,,,
2026-06-01,2026-06-01,FO,NSE,IDO,64917,,NIFTYNXT50,,2026-07-28,2026-07-28,78400.00,PE,NIFTYNXT5026JUL78400PE,0.00,0.00,0.00,7752.15,0.00,7752.15,69921.85,8064.40,0,0,0,0.00,0,F1,25,,,,,
2026-06-01,2026-06-01,FO,NSE,IDO,64906,,NIFTYNXT50,,2026-07-28,2026-07-28,78100.00,PE,NIFTYNXT5026JUL78100PE,0.00,0.00,0.00,7516.65,0.00,7516.65,69921.85,7803.40,0,0,0,0.00,0,F1,25,,,,,
2026-06-01,2026-06-01,FO,NSE,IDO,64903,,NIFTYNXT50,,2026-07-28,2026-07-28,78000.00,PE,NIFTYNXT5026JUL78000PE,0.00,0.00,0.00,7438.75,0.00,7438.75,69921.85,7717.00,0,0,0,0.00,0,F1,25,,,,,
2026-06-01,2026-06-01,FO,NSE,IDO,64901,,NIFTYNXT50,,2026-07-28,2026-07-28,77900.00,PE,NIFTYNXT5026JUL77900PE,0.00,0.00,0.00,7361.15,0.00,7361.15,69921.85,7630.85,0,0,0,0.00,0,F1,25,,,,,
2026-06-01,2026-06-01,FO,NSE,IDO,64887,,NIFTYNXT50,,2026-07-28,2026-07-28,77500.00,PE,NIFTYNXT5026JUL77500PE,0.00,0.00,0.00,7056.65,0.00,7056.65,69921.85,7289.40,0,0,0,0.00,0,F1,25,,,,,
2026-06-01,2026-06-01,FO,NSE,IDO,64885,,NIFTYNXT50,,2026-07-28,2026-07-28,77400.00,PE,NIFTYNXT5026JUL77400PE,0.00,0.00,0.00,6980.60,0.00,6980.60,69921.85,7204.80,0,0,0,0.00,0,F1,25,,,,,
2026-06-01,2026-06-01,FO,NSE,IDO,64856,,NIFTYNXT50,,2026-07-28,2026-07-28,76300.00,PE,NIFTYNXT5026JUL76300PE,0.00,0.00,0.00,6164.50,0.00,6164.50,69921.85,6296.90,0,0,0,0.00,0,F1,25,,,,,
2026-06-01,2026-06-01,FO,NSE,IDO,64786,,NIFTYNXT50,,2026-07-28,2026-07-28,73800.00,PE,NIFTYNXT5026JUL73800PE,0.00,0.00,0.00,4491.75,0.00,4491.75,69921.85,4416.30,0,0,0,0.00,0,F1,25,,,,,
2026-06-01,2026-06-01,FO,NSE,IDO,64770,,NIFTYNXT50,,2026-07-28,2026-07-28,73200.00,PE,NIFTYNXT5026JUL73200PE,0.00,0.00,0.00,4129.65,0.00,4129.65,69921.85,4010.20,0,0,0,0.00,0,F1,25,,,,,
2026-06-01,2026-06-01,FO,NSE,IDO,64720,,NIFTYNXT50,,2026-07-28,2026-07-28,71500.00,PE,NIFTYNXT5026JUL71500PE,0.00,0.00,0.00,3193.25,0.00,3193.25,69921.85,2968.45,0,0,0,0.00,0,F1,25,,,,,
2026-06-01,2026-06-01,FO,NSE,IDO,64646,,NIFTYNXT50,,2026-07-28,2026-07-28,68800.00,PE,NIFTYNXT5026JUL68800PE,0.00,0.00,0.00,1989.35,0.00,1989.35,69921.85,1672.35,0,0,0,0.00,0,F1,25,,,,,
2026-06-01,2026-06-01,FO,NSE,IDO,64623,,NIFTYNXT50,,2026-07-28,2026-07-28,67700.00,PE,NIFTYNXT5026JUL67700PE,0.00,0.00,0.00,1598.65,0.00,1598.65,69921.85,1272.90,0,0,0,0.00,0,F1,25,,,,,
2026-06-01,2026-06-01,FO,NSE,IDO,64594,,NIFTYNXT50,,2026-07-28,2026-07-28,66500.00,PE,NIFTYNXT5026JUL66500PE,0.00,0.00,0.00,1238.95,0.00,1238.95,69921.85,921.30,0,0,0,0.00,0,F1,25,,,,,
2026-06-01,2026-06-01,FO,NSE,IDO,64564,,NIFTYNXT50,,2026-07-28,2026-07-28,65000.00,PE,NIFTYNXT5026JUL65000PE,0.00,0.00,0.00,870.50,0.00,870.50,69921.85,583.15,0,0,0,0.00,0,F1,25,,,,,
2026-06-01,2026-06-01,FO,NSE,IDO,64554,,NIFTYNXT50,,2026-07-28,2026-07-28,64500.00,PE,NIFTYNXT5026JUL64500PE,0.00,0.00,0.00,768.20,0.00,768.20,69921.85,494.90,0,0,0,0.00,0,F1,25,,,,,
2026-06-01,2026-06-01,FO,NSE,IDO,64527,,NIFTYNXT50,,2026-07-28,2026-07-28,63500.00,PE,NIFTYNXT5026JUL63500PE,0.00,0.00,0.00,590.60,0.00,590.60,69921.85,349.40,0,0,0,0.00,0,F1,25,,,,,
2026-06-01,2026-06-01,FO,NSE,IDO,64521,,NIFTYNXT50,,2026-07-28,2026-07-28,63200.00,PE,NIFTYNXT5026JUL63200PE,0.00,0.00,0.00,543.95,0.00,543.95,69921.85,313.05,0,0,0,0.00,0,F1,25,,,,,
2026-06-01,2026-06-01,FO,NSE,IDO,64478,,NIFTYNXT50,,2026-07-28,2026-07-28,61900.00,PE,NIFTYNXT5026JUL61900PE,0.00,0.00,0.00,373.50,0.00,373.50,69921.85,188.55,0,0,0,0.00,0,F1,25,,,,,
2026-06-01,2026-06-01,FO,NSE,IDO,64474,,NIFTYNXT50,,2026-07-28,2026-07-28,61700.00,PE,NIFTYNXT5026JUL61700PE,0.00,0.00,0.00,351.50,0.00,351.50,69921.85,173.60,0,0,0,0.00,0,F1,25,,,,,
2026-06-01,2026-06-01,FO,NSE,IDO,64404,,NIFTYNXT50,,2026-07-28,2026-07-28,59000.00,PE,NIFTYNXT5026JUL59000PE,0.00,0.00,0.00,142.60,0.00,142.60,69921.85,49.90,0,0,0,0.00,0,F1,25,,,,,
2026-06-01,2026-06-01,FO,NSE,IDO,82122,,NIFTYNXT50,,2026-06-30,2026-06-30,80000.00,PE,NIFTYNXT5026JUN80000PE,0.00,0.00,0.00,18239.30,0.00,18239.30,69921.85,9736.10,0,0,0,0.00,0,F1,25,,,,,
2026-06-01,2026-06-01,FO,NSE,IDO,49302,,NIFTYNXT50,,2026-06-30,2026-06-30,78600.00,PE,NIFTYNXT5026JUN78600PE,0.00,0.00,0.00,10282.45,0.00,10282.45,69921.85,8382.75,0,0,0,0.00,0,F1,25,,,,,
2026-06-01,2026-06-01,FO,NSE,IDO,48526,,NIFTYNXT50,,2026-06-30,2026-06-30,78200.00,PE,NIFTYNXT5026JUN78200PE,0.00,0.00,0.00,11130.20,0.00,11130.20,69921.85,8001.30,0,0,0,0.00,0,F1,25,,,,,
2026-06-01,2026-06-01,FO,NSE,IDO,82090,,NIFTYNXT50,,2026-06-30,2026-06-30,77000.00,PE,NIFTYNXT5026JUN77000PE,0.00,0.00,0.00,15328.95,0.00,15328.95,69921.85,6876.90,0,0,0,0.00,0,F1,25,,,,,
2026-06-01,2026-06-01,FO,NSE,IDO,41005,,NIFTYNXT50,,2026-06-30,2026-06-30,76400.00,PE,NIFTYNXT5026JUN76400PE,0.00,0.00,0.00,9622.95,0.00,9622.95,69921.85,6328.90,0,0,0,0.00,0,F1,25,,,,,
2026-06-01,2026-06-01,FO,NSE,IDO,40995,,NIFTYNXT50,,2026-06-30,2026-06-30,75800.00,PE,NIFTYNXT5026JUN75800PE,0.00,0.00,0.00,9100.25,0.00,9100.25,69921.85,5792.85,0,0,0,0.00,0,F1,25,,,,,
2026-06-01,2026-06-01,FO,NSE,IDO,40991,,NIFTYNXT50,,2026-06-30,2026-06-30,75600.00,PE,NIFTYNXT5026JUN75600PE,0.00,0.00,0.00,8927.90,0.00,8927.90,69921.85,5617.20,0,0,0,0.00,0,F1,25,,,,,
2026-06-01,2026-06-01,FO,NSE,IDO,38785,,NIFTYNXT50,,2026-06-30,2026-06-30,74800.00,PE,NIFTYNXT5026JUN74800PE,0.00,0.00,0.00,11056.45,0.00,11056.45,69921.85,4931.75,0,0,0,0.00,0,F1,25,,,,,
2026-06-01,2026-06-01,FO,NSE,IDO,35287,,NIFTYNXT50,,2026-06-30,2026-06-30,73200.00,PE,NIFTYNXT5026JUN73200PE,0.00,0.00,0.00,10298.50,0.00,10298.50,69921.85,3664.00,0,0,0,0.00,0,F1,25,,,,,
2026-06-01,2026-06-01,FO,NSE,IDO,81993,,NIFTYNXT50,,2026-06-30,2026-06-30,71300.00,PE,NIFTYNXT5026JUN71300PE,0.00,0.00,0.00,9974.15,0.00,9974.15,69921.85,2378.85,0,0,0,0.00,0,F1,25,,,,,
2026-06-01,2026-06-01,FO,NSE,IDO,81983,,NIFTYNXT50,,2026-06-30,2026-06-30,70800.00,PE,NIFTYNXT5026JUN70800PE,0.00,0.00,0.00,9525.55,0.00,9525.55,69921.85,2089.45,0,0,0,0.00,0,F1,25,,,,,
2026-06-01,2026-06-01,FO,NSE,IDO,81981,,NIFTYNXT50,,2026-06-30,2026-06-30,70700.00,PE,NIFTYNXT5026JUN70700PE,0.00,0.00,0.00,2285.40,2285.40,2285.40,69921.85,2034.10,25,0,0,0.00,0,F1,25,,,,,
2026-06-01,2026-06-01,FO,NSE,IDO,81977,,NIFTYNXT50,,2026-06-30,2026-06-30,70500.00,PE,NIFTYNXT5026JUN70500PE,0.00,0.00,0.00,9258.75,0.00,9258.75,69921.85,1926.05,0,0,0,0.00,0,F1,25,,,,,
2026-06-01,2026-06-01,FO,NSE,IDO,81917,,NIFTYNXT50,,2026-06-30,2026-06-30,70100.00,PE,NIFTYNXT5026JUN70100PE,0.00,0.00,0.00,8906.15,0.00,8906.15,69921.85,1720.65,0,0,0,0.00,0,F1,25,,,,,
2026-06-01,2026-06-01,FO,NSE,IDO,81909,,NIFTYNXT50,,2026-06-30,2026-06-30,69900.00,PE,NIFTYNXT5026JUN69900PE,0.00,0.00,0.00,8731.20,0.00,8731.20,69921.85,1623.10,0,0,0,0.00,0,F1,25,,,,,
2026-06-01,2026-06-01,FO,NSE,IDO,81897,,NIFTYNXT50,,2026-06-30,2026-06-30,69600.00,PE,NIFTYNXT5026JUN69600PE,0.00,0.00,0.00,8470.65,0.00,8470.65,69921.85,1483.30,0,0,0,0.00,0,F1,25,,,,,
2026-06-01,2026-06-01,FO,NSE,IDO,81815,,NIFTYNXT50,,2026-06-30,2026-06-30,69100.00,PE,NIFTYNXT5026JUN69100PE,0.00,0.00,0.00,8041.45,0.00,8041.45,69921.85,1267.90,0,0,0,0.00,0,F1,25,,,,,
2026-06-01,2026-06-01,FO,NSE,IDO,81804,,NIFTYNXT50,,2026-06-30,2026-06-30,68700.00,PE,NIFTYNXT5026JUN68700PE,0.00,0.00,0.00,7703.00,0.00,7703.00,69921.85,1111.20,0,0,0,0.00,0,F1,25,,,,,
2026-06-01,2026-06-01,FO,NSE,IDO,81778,,NIFTYNXT50,,2026-06-30,2026-06-30,67500.00,PE,NIFTYNXT5026JUN67500PE,0.00,0.00,0.00,6716.85,0.00,6716.85,69921.85,721.40,0,0,0,0.00,0,F1,25,,,,,
2026-06-01,2026-06-01,FO,NSE,IDO,81725,,NIFTYNXT50,,2026-06-30,2026-06-30,66400.00,PE,NIFTYNXT5026JUN66400PE,0.00,0.00,0.00,5858.90,0.00,5858.90,69921.85,461.90,0,0,0,0.00,0,F1,25,,,,,
2026-06-01,2026-06-01,FO,NSE,IDO,81675,,NIFTYNXT50,,2026-06-30,2026-06-30,65800.00,PE,NIFTYNXT5026JUN65800PE,0.00,0.00,0.00,5408.95,0.00,5408.95,69921.85,353.90,0,0,0,0.00,0,F1,25,,,,,
2026-06-01,2026-06-01,FO,NSE,IDO,81665,,NIFTYNXT50,,2026-06-30,2026-06-30,65300.00,PE,NIFTYNXT5026JUN65300PE,0.00,0.00,0.00,5043.70,0.00,5043.70,69921.85,279.80,0,0,0,0.00,0,F1,25,,,,,
2026-06-01,2026-06-01,FO,NSE,IDO,81617,,NIFTYNXT50,,2026-06-30,2026-06-30,64000.00,PE,NIFTYNXT5026JUN64000PE,0.00,0.00,0.00,4155.30,0.00,4155.30,69921.85,143.30,0,0,0,0.00,0,F1,25,,,,,
2026-06-01,2026-06-01,FO,NSE,IDO,81502,,NIFTYNXT50,,2026-06-30,2026-06-30,62300.00,PE,NIFTYNXT5026JUN62300PE,0.00,0.00,0.00,3123.35,0.00,3123.35,69921.85,51.95,0,0,0,0.00,0,F1,25,,,,,
2026-06-01,2026-06-01,FO,NSE,IDO,81500,,NIFTYNXT50,,2026-06-30,2026-06-30,62200.00,PE,NIFTYNXT5026JUN62200PE,0.00,0.00,0.00,3067.55,0.00,3067.55,69921.85,48.70,0,0,0,0.00,0,F1,25,,,,,
2026-06-01,2026-06-01,FO,NSE,IDO,81496,,NIFTYNXT50,,2026-06-30,2026-06-30,62000.00,PE,NIFTYNXT5026JUN62000PE,0.00,0.00,0.00,2957.60,0.00,2957.60,69921.85,42.70,0,0,0,0.00,0,F1,25,,,,,
2026-06-01,2026-06-01,FO,NSE,IDO,81368,,NIFTYNXT50,,2026-06-30,2026-06-30,60700.00,PE,NIFTYNXT5026JUN60700PE,0.00,0.00,0.00,2298.90,0.00,2298.90,69921.85,17.05,0,0,0,0.00,0,F1,25,,,,,
2026-06-01,2026-06-01,FO,NSE,IDO,64660,,NIFTYNXT50,,2026-07-28,2026-07-28,69200.00,PE,NIFTYNXT5026JUL69200PE,0.00,0.00,0.00,2145.65,0.00,2145.65,69921.85,1835.90,0,0,0,0.00,0,F1,25,,,,,
2026-06-01,2026-06-01,FO,NSE,IDO,64640,,NIFTYNXT50,,2026-07-28,2026-07-28,68500.00,PE,NIFTYNXT5026JUL68500PE,0.00,0.00,0.00,1877.15,0.00,1877.15,69921.85,1556.15,0,0,0,0.00,0,F1,25,,,,,
2026-06-01,2026-06-01,FO,NSE,IDO,64638,,NIFTYNXT50,,2026-07-28,2026-07-28,68400.00,PE,NIFTYNXT5026JUL68400PE,0.00,0.00,0.00,1840.70,0.00,1840.70,69921.85,1518.65,0,0,0,0.00,0,F1,25,,,,,
2026-06-01,2026-06-01,FO,NSE,IDO,64620,,NIFTYNXT50,,2026-07-28,2026-07-28,67600.00,PE,NIFTYNXT5026JUL67600PE,0.00,0.00,0.00,1565.95,0.00,1565.95,69921.85,1240.15,0,0,0,0.00,0,F1,25,,,,,
2026-06-01,2026-06-01,FO,NSE,IDO,64611,,NIFTYNXT50,,2026-07-28,2026-07-28,67300.00,PE,NIFTYNXT5026JUL67300PE,0.00,0.00,0.00,1470.50,0.00,1470.50,69921.85,1145.45,0,0,0,0.00,0,F1,25,,,,,
2026-06-01,2026-06-01,FO,NSE,IDO,64592,,NIFTYNXT50,,2026-07-28,2026-07-28,66400.00,PE,NIFTYNXT5026JUL66400PE,0.00,0.00,0.00,1211.75,0.00,1211.75,69921.85,895.50,0,0,0,0.00,0,F1,25,,,,,
2026-06-01,2026-06-01,FO,NSE,IDO,64582,,NIFTYNXT50,,2026-07-28,2026-07-28,65900.00,PE,NIFTYNXT5026JUL65900PE,0.00,0.00,0.00,1081.95,0.00,1081.95,69921.85,771.10,0,0,0,0.00,0,F1,25,,,,,
2026-06-01,2026-06-01,FO,NSE,IDO,80993,,NIFTYNXT50,,2026-06-30,2026-06-30,54900.00,CE,NIFTYNXT5026JUN54900CE,0.00,0.00,0.00,6944.20,0.00,6944.20,69921.85,15283.90,0,0,0,0.00,0,F1,25,,,,,
2026-06-01,2026-06-01,FO,NSE,IDO,80965,,NIFTYNXT50,,2026-06-30,2026-06-30,54300.00,CE,NIFTYNXT5026JUN54300CE,0.00,0.00,0.00,7441.35,0.00,7441.35,69921.85,15881.00,0,0,0,0.00,0,F1,25,,,,,
2026-06-01,2026-06-01,FO,NSE,IDO,80950,,NIFTYNXT50,,2026-06-30,2026-06-30,54200.00,CE,NIFTYNXT5026JUN54200CE,0.00,0.00,0.00,7525.55,0.00,7525.55,69921.85,15980.50,0,0,0,0.00,0,F1,25,,,,,
2026-06-01,2026-06-01,FO,NSE,IDO,81007,,NIFTYNXT50,,2026-06-30,2026-06-30,55200.00,CE,NIFTYNXT5026JUN55200CE,0.00,0.00,0.00,6701.00,0.00,6701.00,69921.85,14985.35,0,0,0,0.00,0,F1,25,,,,,
2026-06-01,2026-06-01,FO,NSE,IDO,81208,,NIFTYNXT50,,2026-06-30,2026-06-30,56200.00,CE,NIFTYNXT5026JUN56200CE,0.00,0.00,0.00,5918.45,0.00,5918.45,69921.85,13990.30,0,0,0,0.00,0,F1,25,,,,,
2026-06-01,2026-06-01,FO,NSE,IDO,81328,,NIFTYNXT50,,2026-06-30,2026-06-30,59200.00,CE,NIFTYNXT5026JUN59200CE,0.00,0.00,0.00,3870.55,0.00,3870.55,69921.85,11009.45,0,0,0,0.00,0,F1,25,,,,,
2026-06-01,2026-06-01,FO,NSE,IDO,81375,,NIFTYNXT50,,2026-06-30,2026-06-30,61100.00,CE,NIFTYNXT5026JUN61100CE,0.00,0.00,0.00,2835.30,0.00,2835.30,69921.85,9136.25,0,0,0,0.00,0,F1,25,,,,,
2026-06-01,2026-06-01,FO,NSE,IDO,81511,,NIFTYNXT50,,2026-06-30,2026-06-30,62800.00,CE,NIFTYNXT5026JUN62800CE,0.00,0.00,0.00,2085.45,0.00,2085.45,69921.85,7492.75,0,0,0,0.00,0,F1,25,,,,,
2026-06-01,2026-06-01,FO,NSE,IDO,81666,,NIFTYNXT50,,2026-06-30,2026-06-30,65400.00,CE,NIFTYNXT5026JUN65400CE,0.00,0.00,0.00,1236.65,0.00,1236.65,69921.85,5127.50,0,0,0,0.00,0,F1,25,,,,,
2026-06-01,2026-06-01,FO,NSE,IDO,81699,,NIFTYNXT50,,2026-06-30,2026-06-30,66100.00,CE,NIFTYNXT5026JUN66100CE,0.00,0.00,0.00,1065.90,0.00,1065.90,69921.85,4542.40,0,0,0,0.00,0,F1,25,,,,,
2026-06-01,2026-06-01,FO,NSE,IDO,81767,,NIFTYNXT50,,2026-06-30,2026-06-30,67000.00,CE,NIFTYNXT5026JUN67000CE,0.00,0.00,0.00,870.20,0.00,870.20,69921.85,3834.70,0,0,0,0.00,0,F1,25,,,,,
2026-06-01,2026-06-01,FO,NSE,IDO,81775,,NIFTYNXT50,,2026-06-30,2026-06-30,67400.00,CE,NIFTYNXT5026JUN67400CE,0.00,0.00,0.00,793.95,0.00,793.95,69921.85,3540.50,0,0,0,0.00,0,F1,25,,,,,
2026-06-01,2026-06-01,FO,NSE,IDO,81791,,NIFTYNXT50,,2026-06-30,2026-06-30,68200.00,CE,NIFTYNXT5026JUN68200CE,0.00,0.00,0.00,658.00,0.00,658.00,69921.85,2981.75,0,0,0,0.00,0,F1,25,,,,,
2026-06-01,2026-06-01,FO,NSE,IDO,81796,,NIFTYNXT50,,2026-06-30,2026-06-30,68400.00,CE,NIFTYNXT5026JUN68400CE,0.00,0.00,0.00,627.25,0.00,627.25,69921.85,2850.90,0,0,0,0.00,0,F1,25,,,,,
2026-06-01,2026-06-01,FO,NSE,IDO,81916,,NIFTYNXT50,,2026-06-30,2026-06-30,70100.00,CE,NIFTYNXT5026JUN70100CE,0.00,0.00,0.00,411.65,0.00,411.65,69921.85,1877.00,0,0,0,0.00,0,F1,25,,,,,
2026-06-01,2026-06-01,FO,NSE,IDO,81970,,NIFTYNXT50,,2026-06-30,2026-06-30,70200.00,CE,NIFTYNXT5026JUN70200CE,0.00,0.00,0.00,401.25,0.00,401.25,69921.85,1827.30,0,0,0,0.00,0,F1,25,,,,,
2026-06-01,2026-06-01,FO,NSE,IDO,81990,,NIFTYNXT50,,2026-06-30,2026-06-30,71200.00,CE,NIFTYNXT5026JUN71200CE,0.00,0.00,0.00,309.25,0.00,309.25,69921.85,1380.85,0,0,0,0.00,0,F1,25,,,,,
2026-06-01,2026-06-01,FO,NSE,IDO,81992,,NIFTYNXT50,,2026-06-30,2026-06-30,71300.00,CE,NIFTYNXT5026JUN71300CE,0.00,0.00,0.00,301.15,0.00,301.15,69921.85,1340.90,0,0,0,0.00,0,F1,25,,,,,
2026-06-01,2026-06-01,FO,NSE,IDO,82012,,NIFTYNXT50,,2026-06-30,2026-06-30,72200.00,CE,NIFTYNXT5026JUN72200CE,0.00,0.00,0.00,236.30,0.00,236.30,69921.85,1018.15,0,0,0,0.00,0,F1,25,,,,,
2026-06-01,2026-06-01,FO,NSE,IDO,35288,,NIFTYNXT50,,2026-06-30,2026-06-30,73300.00,CE,NIFTYNXT5026JUN73300CE,0.00,0.00,0.00,300.35,0.00,300.35,69921.85,710.60,0,0,0,0.00,0,F1,25,,,,,
2026-06-01,2026-06-01,FO,NSE,IDO,35294,,NIFTYNXT50,,2026-06-30,2026-06-30,73600.00,CE,NIFTYNXT5026JUN73600CE,0.00,0.00,0.00,277.80,0.00,277.80,69921.85,637.90,0,0,0,0.00,0,F1,25,,,,,
2026-06-01,2026-06-01,FO,NSE,IDO,40998,,NIFTYNXT50,,2026-06-30,2026-06-30,76100.00,CE,NIFTYNXT5026JUN76100CE,0.00,0.00,0.00,493.45,0.00,493.45,69921.85,244.25,0,0,0,0.00,0,F1,25,,,,,
2026-06-01,2026-06-01,FO,NSE,IDO,82086,,NIFTYNXT50,,2026-06-30,2026-06-30,76500.00,CE,NIFTYNXT5026JUN76500CE,0.00,0.00,0.00,67.75,0.00,67.75,69921.85,206.35,0,0,0,0.00,0,F1,25,,,,,
2026-06-01,2026-06-01,FO,NSE,IDO,49299,,NIFTYNXT50,,2026-06-30,2026-06-30,78400.00,CE,NIFTYNXT5026JUN78400CE,0.00,0.00,0.00,402.00,0.00,402.00,69921.85,87.60,0,0,0,0.00,0,F1,25,,,,,
2026-06-01,2026-06-01,FO,NSE,IDO,82100,,NIFTYNXT50,,2026-06-30,2026-06-30,78500.00,CE,NIFTYNXT5026JUN78500CE,0.00,0.00,0.00,36.15,0.00,36.15,69921.85,83.55,0,0,0,0.00,0,F1,25,,,,,
2026-06-01,2026-06-01,FO,NSE,IDO,49305,,NIFTYNXT50,,2026-06-30,2026-06-30,78800.00,CE,NIFTYNXT5026JUN78800CE,0.00,0.00,0.00,365.10,0.00,365.10,69921.85,72.30,0,0,0,0.00,0,F1,25,,,,,
2026-06-01,2026-06-01,FO,NSE,IDO,82117,,NIFTYNXT50,,2026-06-30,2026-06-30,79000.00,CE,NIFTYNXT5026JUN79000CE,0.00,0.00,0.00,30.75,0.00,30.75,69921.85,65.60,0,0,0,0.00,0,F1,25,,,,,
2026-06-01,2026-06-01,FO,NSE,IDO,82125,,NIFTYNXT50,,2026-06-30,2026-06-30,81000.00,CE,NIFTYNXT5026JUN81000CE,0.00,0.00,0.00,15.85,0.00,15.85,69921.85,23.45,0,0,0,0.00,0,F1,25,,,,,
2026-06-01,2026-06-01,FO,NSE,IDO,64473,,NIFTYNXT50,,2026-07-28,2026-07-28,61700.00,CE,NIFTYNXT5026JUL61700CE,0.00,0.00,0.00,10105.45,0.00,10105.45,69921.85,9049.10,0,0,0,0.00,0,F1,25,,,,,
2026-06-01,2026-06-01,FO,NSE,IDO,64532,,NIFTYNXT50,,2026-07-28,2026-07-28,63800.00,CE,NIFTYNXT5026JUL63800CE,0.00,0.00,0.00,8324.35,0.00,8324.35,69921.85,7186.75,0,0,0,0.00,0,F1,25,,,,,
2026-06-01,2026-06-01,FO,NSE,IDO,64603,,NIFTYNXT50,,2026-07-28,2026-07-28,67000.00,CE,NIFTYNXT5026JUL67000CE,0.00,0.00,0.00,5909.20,0.00,5909.20,69921.85,4687.55,0,0,0,0.00,0,F1,25,,,,,
2026-06-01,2026-06-01,FO,NSE,IDO,64667,,NIFTYNXT50,,2026-07-28,2026-07-28,69600.00,CE,NIFTYNXT5026JUL69600CE,0.00,0.00,0.00,4276.95,0.00,4276.95,69921.85,3068.55,0,0,0,0.00,0,F1,25,,,,,
2026-06-01,2026-06-01,FO,NSE,IDO,64825,,NIFTYNXT50,,2026-07-28,2026-07-28,75100.00,CE,NIFTYNXT5026JUL75100CE,0.00,0.00,0.00,1876.20,0.00,1876.20,69921.85,979.45,0,0,0,0.00,0,F1,25,,,,,
2026-06-01,2026-06-01,FO,NSE,IDO,64866,,NIFTYNXT50,,2026-07-28,2026-07-28,76700.00,CE,NIFTYNXT5026JUL76700CE,0.00,0.00,0.00,1424.15,0.00,1424.15,69921.85,656.45,0,0,0,0.00,0,F1,25,,,,,
2026-06-01,2026-06-01,FO,NSE,IDO,64870,,NIFTYNXT50,,2026-07-28,2026-07-28,76900.00,CE,NIFTYNXT5026JUL76900CE,0.00,0.00,0.00,1377.65,0.00,1377.65,69921.85,623.35,0,0,0,0.00,0,F1,25,,,,,
2026-06-01,2026-06-01,FO,NSE,IDO,64876,,NIFTYNXT50,,2026-07-28,2026-07-28,77200.00,CE,NIFTYNXT5026JUL77200CE,0.00,0.00,0.00,1306.00,0.00,1306.00,69921.85,576.30,0,0,0,0.00,0,F1,25,,,,,
2026-06-01,2026-06-01,FO,NSE,IDO,64908,,NIFTYNXT50,,2026-07-28,2026-07-28,78200.00,CE,NIFTYNXT5026JUL78200CE,0.00,0.00,0.00,1085.70,0.00,1085.70,69921.85,440.40,0,0,0,0.00,0,F1,25,,,,,
2026-06-01,2026-06-01,FO,NSE,IDO,64928,,NIFTYNXT50,,2026-07-28,2026-07-28,79000.00,CE,NIFTYNXT5026JUL79000CE,0.00,0.00,0.00,933.65,0.00,933.65,69921.85,352.30,0,0,0,0.00,0,F1,25,,,,,
2026-06-01,2026-06-01,FO,NSE,IDO,64281,,NIFTYNXT50,,2026-08-25,2026-08-25,62500.00,CE,NIFTYNXT5026AUG62500CE,0.00,0.00,0.00,9754.30,0.00,9754.30,69921.85,8849.00,0,0,0,0.00,0,F1,25,,,,,
2026-06-01,2026-06-01,FO,NSE,IDO,64299,,NIFTYNXT50,,2026-08-25,2026-08-25,62900.00,CE,NIFTYNXT5026AUG62900CE,0.00,0.00,0.00,9408.80,0.00,9408.80,69921.85,8510.95,0,0,0,0.00,0,F1,25,,,,,
2026-06-01,2026-06-01,FO,NSE,IDO,64301,,NIFTYNXT50,,2026-08-25,2026-08-25,63000.00,CE,NIFTYNXT5026AUG63000CE,0.00,0.00,0.00,9323.15,0.00,9323.15,69921.85,8427.20,0,0,0,0.00,0,F1,25,,,,,
2026-06-01,2026-06-01,FO,NSE,IDO,64316,,NIFTYNXT50,,2026-08-25,2026-08-25,63600.00,CE,NIFTYNXT5026AUG63600CE,0.00,0.00,0.00,8815.50,0.00,8815.50,69921.85,7932.00,0,0,0,0.00,0,F1,25,,,,,
2026-06-01,2026-06-01,FO,NSE,IDO,64336,,NIFTYNXT50,,2026-08-25,2026-08-25,64300.00,CE,NIFTYNXT5026AUG64300CE,0.00,0.00,0.00,8237.75,0.00,8237.75,69921.85,7370.55,0,0,0,0.00,0,F1,25,,,,,
2026-06-01,2026-06-01,FO,NSE,IDO,64655,,NIFTYNXT50,,2026-08-25,2026-08-25,67400.00,CE,NIFTYNXT5026AUG67400CE,0.00,0.00,0.00,5897.85,0.00,5897.85,69921.85,5126.65,0,0,0,0.00,0,F1,25,,,,,
2026-06-01,2026-06-01,FO,NSE,IDO,64683,,NIFTYNXT50,,2026-08-25,2026-08-25,67800.00,CE,NIFTYNXT5026AUG67800CE,0.00,0.00,0.00,5625.60,0.00,5625.60,69921.85,4869.45,0,0,0,0.00,0,F1,25,,,,,
2026-06-01,2026-06-01,FO,NSE,IDO,65028,,NIFTYNXT50,,2026-08-25,2026-08-25,72200.00,CE,NIFTYNXT5026AUG72200CE,0.00,0.00,0.00,3129.90,0.00,3129.90,69921.85,2567.80,0,0,0,0.00,0,F1,25,,,,,
2026-06-01,2026-06-01,FO,NSE,IDO,65113,,NIFTYNXT50,,2026-08-25,2026-08-25,73300.00,CE,NIFTYNXT5026AUG73300CE,0.00,0.00,0.00,2651.25,0.00,2651.25,69921.85,2141.70,0,0,0,0.00,0,F1,25,,,,,
2026-06-01,2026-06-01,FO,NSE,IDO,65340,,NIFTYNXT50,,2026-08-25,2026-08-25,75300.00,CE,NIFTYNXT5026AUG75300CE,0.00,0.00,0.00,1921.60,0.00,1921.60,69921.85,1506.25,0,0,0,0.00,0,F1,25,,,,,
2026-06-01,2026-06-01,FO,NSE,IDO,65511,,NIFTYNXT50,,2026-08-25,2026-08-25,77900.00,CE,NIFTYNXT5026AUG77900CE,0.00,0.00,0.00,1221.05,0.00,1221.05,69921.85,915.55,0,0,0,0.00,0,F1,25,,,,,
2026-06-01,2026-06-01,FO,NSE,IDO,65772,,NIFTYNXT50,,2026-08-25,2026-08-25,81000.00,CE,NIFTYNXT5026AUG81000CE,0.00,0.00,0.00,669.45,0.00,669.45,69921.85,475.60,0,0,0,0.00,0,F1,25,,,,,
2026-06-01,2026-06-01,FO,NSE,IDO,80861,,NIFTYNXT50,,2026-06-30,2026-06-30,52000.00,PE,NIFTYNXT5026JUN52000PE,0.00,0.00,0.00,178.30,0.00,178.30,69921.85,0.00,0,0,0,0.00,0,F1,25,,,,,
2026-06-01,2026-06-01,FO,NSE,IDO,80982,,NIFTYNXT50,,2026-06-30,2026-06-30,54700.00,PE,NIFTYNXT5026JUN54700PE,0.00,0.00,0.00,478.70,0.00,478.70,69921.85,0.05,0,0,0,0.00,0,F1,25,,,,,
2026-06-01,2026-06-01,FO,NSE,IDO,81023,,NIFTYNXT50,,2026-06-30,2026-06-30,55800.00,PE,NIFTYNXT5026JUN55800PE,0.00,0.00,0.00,676.70,0.00,676.70,69921.85,0.20,0,0,0,0.00,0,F1,25,,,,,
2026-06-01,2026-06-01,FO,NSE,IDO,81025,,NIFTYNXT50,,2026-06-30,2026-06-30,55900.00,PE,NIFTYNXT5026JUN55900PE,0.00,0.00,0.00,697.35,0.00,697.35,69921.85,0.20,0,0,0,0.00,0,F1,25,,,,,
2026-06-01,2026-06-01,FO,NSE,IDO,81207,,NIFTYNXT50,,2026-06-30,2026-06-30,56100.00,PE,NIFTYNXT5026JUN56100PE,0.00,0.00,0.00,739.95,0.00,739.95,69921.85,0.25,0,0,0,0.00,0,F1,25,,,,,
2026-06-01,2026-06-01,FO,NSE,IDO,81356,,NIFTYNXT50,,2026-06-30,2026-06-30,60100.00,PE,NIFTYNXT5026JUN60100PE,0.00,0.00,0.00,2027.75,0.00,2027.75,69921.85,10.75,0,0,0,0.00,0,F1,25,,,,,
2026-06-01,2026-06-01,FO,NSE,IDO,81374,,NIFTYNXT50,,2026-06-30,2026-06-30,61000.00,PE,NIFTYNXT5026JUN61000PE,0.00,0.00,0.00,2442.30,0.00,2442.30,69921.85,21.30,0,0,0,0.00,0,F1,25,,,,,
2026-06-01,2026-06-01,FO,NSE,IDO,81376,,NIFTYNXT50,,2026-06-30,2026-06-30,61100.00,PE,NIFTYNXT5026JUN61100PE,0.00,0.00,0.00,2491.05,0.00,2491.05,69921.85,22.90,0,0,0,0.00,0,F1,25,,,,,
2026-06-01,2026-06-01,FO,NSE,IDO,81378,,NIFTYNXT50,,2026-06-30,2026-06-30,61200.00,PE,NIFTYNXT5026JUN61200PE,0.00,0.00,0.00,2540.60,0.00,2540.60,69921.85,24.60,0,0,0,0.00,0,F1,25,,,,,
2026-06-01,2026-06-01,FO,NSE,IDO,81424,,NIFTYNXT50,,2026-06-30,2026-06-30,61900.00,PE,NIFTYNXT5026JUN61900PE,0.00,0.00,0.00,2903.45,0.00,2903.45,69921.85,39.95,0,0,0,0.00,0,F1,25,,,,,
2026-06-01,2026-06-01,FO,NSE,IDO,81542,,NIFTYNXT50,,2026-06-30,2026-06-30,62900.00,PE,NIFTYNXT5026JUN62900PE,0.00,0.00,0.00,3469.85,0.00,3469.85,69921.85,75.75,0,0,0,0.00,0,F1,25,,,,,
2026-06-01,2026-06-01,FO,NSE,IDO,81623,,NIFTYNXT50,,2026-06-30,2026-06-30,64200.00,PE,NIFTYNXT5026JUN64200PE,0.00,0.00,0.00,4286.65,0.00,4286.65,69921.85,159.75,0,0,0,0.00,0,F1,25,,,,,
2026-06-01,2026-06-01,FO,NSE,IDO,81633,,NIFTYNXT50,,2026-06-30,2026-06-30,64700.00,PE,NIFTYNXT5026JUN64700PE,0.00,0.00,0.00,4623.65,0.00,4623.65,69921.85,207.70,0,0,0,0.00,0,F1,25,,,,,
2026-06-01,2026-06-01,FO,NSE,IDO,81669,,NIFTYNXT50,,2026-06-30,2026-06-30,65500.00,PE,NIFTYNXT5026JUN65500PE,0.00,0.00,0.00,5187.40,0.00,5187.40,69921.85,307.85,0,0,0,0.00,0,F1,25,,,,,
2026-06-01,2026-06-01,FO,NSE,IDO,81673,,NIFTYNXT50,,2026-06-30,2026-06-30,65700.00,PE,NIFTYNXT5026JUN65700PE,0.00,0.00,0.00,5332.85,0.00,5332.85,69921.85,338.00,0,0,0,0.00,0,F1,25,,,,,
2026-06-01,2026-06-01,FO,NSE,IDO,81736,,NIFTYNXT50,,2026-06-30,2026-06-30,66600.00,PE,NIFTYNXT5026JUN66600PE,0.00,0.00,0.00,6009.60,0.00,6009.60,69921.85,502.95,0,0,0,0.00,0,F1,25,,,,,
2026-06-01,2026-06-01,FO,NSE,IDO,81776,,NIFTYNXT50,,2026-06-30,2026-06-30,67400.00,PE,NIFTYNXT5026JUN67400PE,0.00,0.00,0.00,6636.80,0.00,6636.80,69921.85,697.05,0,0,0,0.00,0,F1,25,,,,,
2026-06-01,2026-06-01,FO,NSE,IDO,81780,,NIFTYNXT50,,2026-06-30,2026-06-30,67600.00,PE,NIFTYNXT5026JUN67600PE,0.00,0.00,0.00,6797.20,0.00,6797.20,69921.85,749.45,0,0,0,0.00,0,F1,25,,,,,
2026-06-01,2026-06-01,FO,NSE,IDO,81795,,NIFTYNXT50,,2026-06-30,2026-06-30,68300.00,PE,NIFTYNXT5026JUN68300PE,0.00,0.00,0.00,7369.20,0.00,7369.20,69921.85,968.15,0,0,0,0.00,0,F1,25,,,,,
2026-06-01,2026-06-01,FO,NSE,IDO,81817,,NIFTYNXT50,,2026-06-30,2026-06-30,69200.00,PE,NIFTYNXT5026JUN69200PE,0.00,0.00,0.00,8126.75,0.00,8126.75,69921.85,1309.25,0,0,0,0.00,0,F1,25,,,,,
2026-06-01,2026-06-01,FO,NSE,IDO,82022,,NIFTYNXT50,,2026-06-30,2026-06-30,72300.00,PE,NIFTYNXT5026JUN72300PE,0.00,0.00,0.00,10885.05,0.00,10885.05,69921.85,3019.40,0,0,0,0.00,0,F1,25,,,,,
2026-06-01,2026-06-01,FO,NSE,IDO,35277,,NIFTYNXT50,,2026-06-30,2026-06-30,72900.00,PE,NIFTYNXT5026JUN72900PE,0.00,0.00,0.00,10028.50,0.00,10028.50,69921.85,3440.65,0,0,0,0.00,0,F1,25,,,,,
2026-06-01,2026-06-01,FO,NSE,IDO,82038,,NIFTYNXT50,,2026-06-30,2026-06-30,74000.00,PE,NIFTYNXT5026JUN74000PE,0.00,0.00,0.00,12467.25,0.00,12467.25,69921.85,4278.05,0,0,0,0.00,0,F1,25,,,,,
2026-06-01,2026-06-01,FO,NSE,IDO,38781,,NIFTYNXT50,,2026-06-30,2026-06-30,74600.00,PE,NIFTYNXT5026JUN74600PE,0.00,0.00,0.00,10872.30,0.00,10872.30,69921.85,4765.15,0,0,0,0.00,0,F1,25,,,,,
2026-06-01,2026-06-01,FO,NSE,IDO,40985,,NIFTYNXT50,,2026-06-30,2026-06-30,75400.00,PE,NIFTYNXT5026JUN75400PE,0.00,0.00,0.00,8756.50,0.00,8756.50,69921.85,5443.15,0,0,0,0.00,0,F1,25,,,,,
2026-06-01,2026-06-01,FO,NSE,IDO,82118,,NIFTYNXT50,,2026-06-30,2026-06-30,79000.00,PE,NIFTYNXT5026JUN79000PE,0.00,0.00,0.00,17265.80,0.00,17265.80,69921.85,8766.80,0,0,0,0.00,0,F1,25,,,,,
2026-06-01,2026-06-01,FO,NSE,IDO,65630,,NIFTYNXT50,,2026-08-25,2026-08-25,78900.00,PE,NIFTYNXT5026AUG78900PE,0.00,0.00,0.00,7800.20,0.00,7800.20,69921.85,8481.40,0,0,0,0.00,0,F1,25,,,,,
2026-06-01,2026-06-01,FO,NSE,IDO,65391,,NIFTYNXT50,,2026-08-25,2026-08-25,76400.00,PE,NIFTYNXT5026AUG76400PE,0.00,0.00,0.00,5918.40,0.00,5918.40,69921.85,6504.30,0,0,0,0.00,0,F1,25,,,,,
2026-06-01,2026-06-01,FO,NSE,IDO,65214,,NIFTYNXT50,,2026-08-25,2026-08-25,74300.00,PE,NIFTYNXT5026AUG74300PE,0.00,0.00,0.00,4521.65,0.00,4521.65,69921.85,5009.90,0,0,0,0.00,0,F1,25,,,,,
2026-06-01,2026-06-01,FO,NSE,IDO,65189,,NIFTYNXT50,,2026-08-25,2026-08-25,73800.00,PE,NIFTYNXT5026AUG73800PE,0.00,0.00,0.00,4216.80,0.00,4216.80,69921.85,4681.85,0,0,0,0.00,0,F1,25,,,,,
2026-06-01,2026-06-01,FO,NSE,IDO,65120,,NIFTYNXT50,,2026-08-25,2026-08-25,73300.00,PE,NIFTYNXT5026AUG73300PE,0.00,0.00,0.00,3923.20,0.00,3923.20,69921.85,4364.90,0,0,0,0.00,0,F1,25,,,,,
2026-06-01,2026-06-01,FO,NSE,IDO,64939,,NIFTYNXT50,,2026-08-25,2026-08-25,70600.00,PE,NIFTYNXT5026AUG70600PE,0.00,0.00,0.00,2541.50,0.00,2541.50,69921.85,2858.15,0,0,0,0.00,0,F1,25,,,,,
2026-06-01,2026-06-01,FO,NSE,IDO,64808,,NIFTYNXT50,,2026-08-25,2026-08-25,69400.00,PE,NIFTYNXT5026AUG69400PE,0.00,0.00,0.00,2040.20,0.00,2040.20,69921.85,2304.55,0,0,0,0.00,0,F1,25,,,,,
2026-06-01,2026-06-01,FO,NSE,IDO,64722,,NIFTYNXT50,,2026-08-25,2026-08-25,68100.00,PE,NIFTYNXT5026AUG68100PE,0.00,0.00,0.00,1574.95,0.00,1574.95,69921.85,1786.80,0,0,0,0.00,0,F1,25,,,,,
2026-06-01,2026-06-01,FO,NSE,IDO,64678,,NIFTYNXT50,,2026-08-25,2026-08-25,67700.00,PE,NIFTYNXT5026AUG67700PE,0.00,0.00,0.00,1447.70,0.00,1447.70,69921.85,1644.45,0,0,0,0.00,0,F1,25,,,,,
2026-06-01,2026-06-01,FO,NSE,IDO,64658,,NIFTYNXT50,,2026-08-25,2026-08-25,67500.00,PE,NIFTYNXT5026AUG67500PE,0.00,0.00,0.00,1386.75,0.00,1386.75,69921.85,1576.20,0,0,0,0.00,0,F1,25,,,,,
2026-06-01,2026-06-01,FO,NSE,IDO,64484,,NIFTYNXT50,,2026-08-25,2026-08-25,66200.00,PE,NIFTYNXT5026AUG66200PE,0.00,0.00,0.00,1035.20,0.00,1035.20,69921.85,1182.25,0,0,0,0.00,0,F1,25,,,,,
2026-06-01,2026-06-01,FO,NSE,IDO,64460,,NIFTYNXT50,,2026-08-25,2026-08-25,65700.00,PE,NIFTYNXT5026AUG65700PE,0.00,0.00,0.00,918.40,0.00,918.40,69921.85,1050.90,0,0,0,0.00,0,F1,25,,,,,
2026-06-01,2026-06-01,FO,NSE,IDO,64333,,NIFTYNXT50,,2026-08-25,2026-08-25,64200.00,PE,NIFTYNXT5026AUG64200PE,0.00,0.00,0.00,625.70,0.00,625.70,69921.85,716.20,0,0,0,0.00,0,F1,25,,,,,
2026-06-01,2026-06-01,FO,NSE,IDO,64319,,NIFTYNXT50,,2026-08-25,2026-08-25,63700.00,PE,NIFTYNXT5026AUG63700PE,0.00,0.00,0.00,545.80,0.00,545.80,69921.85,625.15,0,0,0,0.00,0,F1,25,,,,,
2026-06-01,2026-06-01,FO,NSE,IDO,64919,,NIFTYNXT50,,2026-07-28,2026-07-28,78500.00,PE,NIFTYNXT5026JUL78500PE,0.00,0.00,0.00,7831.30,0.00,7831.30,69921.85,8151.90,0,0,0,0.00,0,F1,25,,,,,
2026-06-01,2026-06-01,FO,NSE,IDO,64834,,NIFTYNXT50,,2026-07-28,2026-07-28,75400.00,PE,NIFTYNXT5026JUL75400PE,0.00,0.00,0.00,5533.20,0.00,5533.20,69921.85,5588.15,0,0,0,0.00,0,F1,25,,,,,
2026-06-01,2026-06-01,FO,NSE,IDO,64758,,NIFTYNXT50,,2026-07-28,2026-07-28,72600.00,PE,NIFTYNXT5026JUL72600PE,0.00,0.00,0.00,3783.80,0.00,3783.80,69921.85,3623.65,0,0,0,0.00,0,F1,25,,,,,
2026-06-01,2026-06-01,FO,NSE,IDO,64712,,NIFTYNXT50,,2026-07-28,2026-07-28,71100.00,PE,NIFTYNXT5026JUL71100PE,0.00,0.00,0.00,2993.00,0.00,2993.00,69921.85,2748.05,0,0,0,0.00,0,F1,25,,,,,
2026-06-01,2026-06-01,FO,NSE,IDO,64666,,NIFTYNXT50,,2026-07-28,2026-07-28,69500.00,PE,NIFTYNXT5026JUL69500PE,0.00,0.00,0.00,2267.85,0.00,2267.85,69921.85,1965.05,0,0,0,0.00,0,F1,25,,,,,
2026-06-01,2026-06-01,FO,NSE,IDO,64436,,NIFTYNXT50,,2026-07-28,2026-07-28,60500.00,PE,NIFTYNXT5026JUL60500PE,0.00,0.00,0.00,240.00,0.00,240.00,69921.85,102.90,0,0,0,0.00,0,F1,25,,,,,
2026-06-01,2026-06-01,FO,NSE,IDO,64450,,NIFTYNXT50,,2026-07-28,2026-07-28,61000.00,PE,NIFTYNXT5026JUL61000PE,0.00,0.00,0.00,282.35,0.00,282.35,69921.85,128.70,0,0,0,0.00,0,F1,25,,,,,
2026-06-01,2026-06-01,FO,NSE,IDO,64471,,NIFTYNXT50,,2026-07-28,2026-07-28,61600.00,PE,NIFTYNXT5026JUL61600PE,0.00,0.00,0.00,340.85,0.00,340.85,69921.85,166.50,0,0,0,0.00,0,F1,25,,,,,
2026-06-01,2026-06-01,FO,NSE,IDO,64480,,NIFTYNXT50,,2026-07-28,2026-07-28,62000.00,PE,NIFTYNXT5026JUL62000PE,0.00,0.00,0.00,384.90,0.00,384.90,69921.85,196.40,0,0,0,0.00,0,F1,25,,,,,
2026-06-01,2026-06-01,FO,NSE,IDO,64508,,NIFTYNXT50,,2026-07-28,2026-07-28,63000.00,PE,NIFTYNXT5026JUL63000PE,0.00,0.00,0.00,514.45,0.00,514.45,69921.85,290.50,0,0,0,0.00,0,F1,25,,,,,
2026-06-01,2026-06-01,FO,NSE,IDO,64531,,NIFTYNXT50,,2026-07-28,2026-07-28,63700.00,PE,NIFTYNXT5026JUL63700PE,0.00,0.00,0.00,623.35,0.00,623.35,69921.85,375.40,0,0,0,0.00,0,F1,25,,,,,
2026-06-01,2026-06-01,FO,NSE,IDO,64552,,NIFTYNXT50,,2026-07-28,2026-07-28,64400.00,PE,NIFTYNXT5026JUL64400PE,0.00,0.00,0.00,748.80,0.00,748.80,69921.85,478.55,0,0,0,0.00,0,F1,25,,,,,
2026-06-01,2026-06-01,FO,NSE,IDO,64556,,NIFTYNXT50,,2026-07-28,2026-07-28,64600.00,PE,NIFTYNXT5026JUL64600PE,0.00,0.00,0.00,787.90,0.00,787.90,69921.85,511.70,0,0,0,0.00,0,F1,25,,,,,
2026-06-01,2026-06-01,FO,NSE,IDO,65280,,NIFTYNXT50,,2026-08-25,2026-08-25,74900.00,PE,NIFTYNXT5026AUG74900PE,0.00,0.00,0.00,4901.95,0.00,4901.95,69921.85,5417.75,0,0,0,0.00,0,F1,25,,,,,
2026-06-01,2026-06-01,FO,NSE,IDO,64977,,NIFTYNXT50,,2026-08-25,2026-08-25,71200.00,PE,NIFTYNXT5026AUG71200PE,0.00,0.00,0.00,2818.35,0.00,2818.35,69921.85,3161.90,0,0,0,0.00,0,F1,25,,,,,
2026-06-01,2026-06-01,FO,NSE,IDO,64750,,NIFTYNXT50,,2026-08-25,2026-08-25,68600.00,PE,NIFTYNXT5026AUG68600PE,0.00,0.00,0.00,1744.45,0.00,1744.45,69921.85,1975.90,0,0,0,0.00,0,F1,25,,,,,
2026-06-01,2026-06-01,FO,NSE,IDO,64744,,NIFTYNXT50,,2026-08-25,2026-08-25,68400.00,PE,NIFTYNXT5026AUG68400PE,0.00,0.00,0.00,1675.25,0.00,1675.25,69921.85,1898.80,0,0,0,0.00,0,F1,25,,,,,
2026-06-01,2026-06-01,FO,NSE,IDO,64732,,NIFTYNXT50,,2026-08-25,2026-08-25,68300.00,PE,NIFTYNXT5026AUG68300PE,0.00,0.00,0.00,1641.35,0.00,1641.35,69921.85,1860.95,0,0,0,0.00,0,F1,25,,,,,
2026-06-01,2026-06-01,FO,NSE,IDO,64672,,NIFTYNXT50,,2026-08-25,2026-08-25,67600.00,PE,NIFTYNXT5026AUG67600PE,0.00,0.00,0.00,1417.00,0.00,1417.00,69921.85,1610.05,0,0,0,0.00,0,F1,25,,,,,
2026-06-01,2026-06-01,FO,NSE,IDO,64533,,NIFTYNXT50,,2026-08-25,2026-08-25,66800.00,PE,NIFTYNXT5026AUG66800PE,0.00,0.00,0.00,1191.05,0.00,1191.05,69921.85,1352.50,0,0,0,0.00,0,F1,25,,,,,
2026-06-01,2026-06-01,FO,NSE,IDO,64431,,NIFTYNXT50,,2026-08-25,2026-08-25,65400.00,PE,NIFTYNXT5026AUG65400PE,0.00,0.00,0.00,853.15,0.00,853.15,69921.85,974.45,0,0,0,0.00,0,F1,25,,,,,
2026-06-01,2026-06-01,FO,NSE,IDO,64383,,NIFTYNXT50,,2026-08-25,2026-08-25,65200.00,PE,NIFTYNXT5026AUG65200PE,0.00,0.00,0.00,811.55,0.00,811.55,69921.85,927.35,0,0,0,0.00,0,F1,25,,,,,
2026-06-01,2026-06-01,FO,NSE,IDO,64367,,NIFTYNXT50,,2026-08-25,2026-08-25,64900.00,PE,NIFTYNXT5026AUG64900PE,0.00,0.00,0.00,752.00,0.00,752.00,69921.85,859.75,0,0,0,0.00,0,F1,25,,,,,
2026-06-01,2026-06-01,FO,NSE,IDO,64338,,NIFTYNXT50,,2026-08-25,2026-08-25,64300.00,PE,NIFTYNXT5026AUG64300PE,0.00,0.00,0.00,642.70,0.00,642.70,69921.85,735.55,0,0,0,0.00,0,F1,25,,,,,
2026-06-01,2026-06-01,FO,NSE,IDO,64321,,NIFTYNXT50,,2026-08-25,2026-08-25,63800.00,PE,NIFTYNXT5026AUG63800PE,0.00,0.00,0.00,561.10,0.00,561.10,69921.85,642.60,0,0,0,0.00,0,F1,25,,,,,
2026-06-01,2026-06-01,FO,NSE,IDO,64309,,NIFTYNXT50,,2026-08-25,2026-08-25,63200.00,PE,NIFTYNXT5026AUG63200PE,0.00,0.00,0.00,473.95,0.00,473.95,69921.85,543.10,0,0,0,0.00,0,F1,25,,,,,
2026-06-01,2026-06-01,FO,NSE,IDO,65035,,NIFTYNXT50,,2026-07-28,2026-07-28,82000.00,PE,NIFTYNXT5026JUL82000PE,0.00,0.00,0.00,10767.10,0.00,10767.10,69921.85,11352.70,0,0,0,0.00,0,F1,25,,,,,
2026-06-01,2026-06-01,FO,NSE,IDO,64923,,NIFTYNXT50,,2026-07-28,2026-07-28,78700.00,PE,NIFTYNXT5026JUL78700PE,0.00,0.00,0.00,7990.45,0.00,7990.45,69921.85,8327.80,0,0,0,0.00,0,F1,25,,,,,
2026-06-01,2026-06-01,FO,NSE,IDO,64871,,NIFTYNXT50,,2026-07-28,2026-07-28,76900.00,PE,NIFTYNXT5026JUL76900PE,0.00,0.00,0.00,6605.45,0.00,6605.45,69921.85,6786.85,0,0,0,0.00,0,F1,25,,,,,
2026-06-01,2026-06-01,FO,NSE,IDO,64842,,NIFTYNXT50,,2026-07-28,2026-07-28,75700.00,PE,NIFTYNXT5026JUL75700PE,0.00,0.00,0.00,5740.15,0.00,5740.15,69921.85,5820.70,0,0,0,0.00,0,F1,25,,,,,
2026-06-01,2026-06-01,FO,NSE,IDO,64794,,NIFTYNXT50,,2026-07-28,2026-07-28,74200.00,PE,NIFTYNXT5026JUL74200PE,0.00,0.00,0.00,4741.95,0.00,4741.95,69921.85,4697.40,0,0,0,0.00,0,F1,25,,,,,
2026-06-01,2026-06-01,FO,NSE,IDO,64790,,NIFTYNXT50,,2026-07-28,2026-07-28,74000.00,PE,NIFTYNXT5026JUL74000PE,0.00,0.00,0.00,4616.00,0.00,4616.00,69921.85,4555.80,0,0,0,0.00,0,F1,25,,,,,
2026-06-01,2026-06-01,FO,NSE,IDO,64780,,NIFTYNXT50,,2026-07-28,2026-07-28,73500.00,PE,NIFTYNXT5026JUL73500PE,0.00,0.00,0.00,4308.70,0.00,4308.70,69921.85,4210.85,0,0,0,0.00,0,F1,25,,,,,
2026-06-01,2026-06-01,FO,NSE,IDO,64704,,NIFTYNXT50,,2026-07-28,2026-07-28,70700.00,PE,NIFTYNXT5026JUL70700PE,0.00,0.00,0.00,2800.15,0.00,2800.15,69921.85,2537.40,0,0,0,0.00,0,F1,25,,,,,
2026-06-01,2026-06-01,FO,NSE,IDO,64602,,NIFTYNXT50,,2026-07-28,2026-07-28,66900.00,PE,NIFTYNXT5026JUL66900PE,0.00,0.00,0.00,1349.55,0.00,1349.55,69921.85,1027.20,0,0,0,0.00,0,F1,25,,,,,
2026-06-01,2026-06-01,FO,NSE,IDO,64548,,NIFTYNXT50,,2026-07-28,2026-07-28,64200.00,PE,NIFTYNXT5026JUL64200PE,0.00,0.00,0.00,711.20,0.00,711.20,69921.85,447.10,0,0,0,0.00,0,F1,25,,,,,
2026-06-01,2026-06-01,FO,NSE,IDO,64538,,NIFTYNXT50,,2026-07-28,2026-07-28,63900.00,PE,NIFTYNXT5026JUL63900PE,0.00,0.00,0.00,657.45,0.00,657.45,69921.85,402.95,0,0,0,0.00,0,F1,25,,,,,
2026-06-01,2026-06-01,FO,NSE,IDO,64502,,NIFTYNXT50,,2026-07-28,2026-07-28,62700.00,PE,NIFTYNXT5026JUL62700PE,0.00,0.00,0.00,472.50,0.00,472.50,69921.85,259.15,0,0,0,0.00,0,F1,25,,,,,
2026-06-01,2026-06-01,FO,NSE,IDO,64476,,NIFTYNXT50,,2026-07-28,2026-07-28,61800.00,PE,NIFTYNXT5026JUL61800PE,0.00,0.00,0.00,362.35,0.00,362.35,69921.85,180.95,0,0,0,0.00,0,F1,25,,,,,
2026-06-01,2026-06-01,FO,NSE,IDO,49310,,NIFTYNXT50,,2026-06-30,2026-06-30,79100.00,PE,NIFTYNXT5026JUN79100PE,0.00,0.00,0.00,10731.90,0.00,10731.90,69921.85,8863.15,0,0,0,0.00,0,F1,25,,,,,
2026-06-01,2026-06-01,FO,NSE,IDO,49308,,NIFTYNXT50,,2026-06-30,2026-06-30,78900.00,PE,NIFTYNXT5026JUN78900PE,0.00,0.00,0.00,10551.60,0.00,10551.60,69921.85,8670.55,0,0,0,0.00,0,F1,25,,,,,
2026-06-01,2026-06-01,FO,NSE,IDO,41048,,NIFTYNXT50,,2026-06-30,2026-06-30,77900.00,PE,NIFTYNXT5026JUN77900PE,0.00,0.00,0.00,10962.55,0.00,10962.55,69921.85,7717.20,0,0,0,0.00,0,F1,25,,,,,
2026-06-01,2026-06-01,FO,NSE,IDO,82092,,NIFTYNXT50,,2026-06-30,2026-06-30,77500.00,PE,NIFTYNXT5026JUN77500PE,0.00,0.00,0.00,15811.60,0.00,15811.60,69921.85,7341.35,0,0,0,0.00,0,F1,25,,,,,
2026-06-01,2026-06-01,FO,NSE,IDO,41007,,NIFTYNXT50,,2026-06-30,2026-06-30,76600.00,PE,NIFTYNXT5026JUN76600PE,0.00,0.00,0.00,9799.00,0.00,9799.00,69921.85,6510.35,0,0,0,0.00,0,F1,25,,,,,
2026-06-01,2026-06-01,FO,NSE,IDO,41001,,NIFTYNXT50,,2026-06-30,2026-06-30,76200.00,PE,NIFTYNXT5026JUN76200PE,0.00,0.00,0.00,9447.80,0.00,9447.80,69921.85,6148.80,0,0,0,0.00,0,F1,25,,,,,
2026-06-01,2026-06-01,FO,NSE,IDO,38773,,NIFTYNXT50,,2026-06-30,2026-06-30,74200.00,PE,NIFTYNXT5026JUN74200PE,0.00,0.00,0.00,10505.95,0.00,10505.95,69921.85,4438.20,0,0,0,0.00,0,F1,25,,,,,
2026-06-01,2026-06-01,FO,NSE,IDO,35291,,NIFTYNXT50,,2026-06-30,2026-06-30,73400.00,PE,NIFTYNXT5026JUN73400PE,0.00,0.00,0.00,10479.40,0.00,10479.40,69921.85,3814.65,0,0,0,0.00,0,F1,25,,,,,
2026-06-01,2026-06-01,FO,NSE,IDO,35269,,NIFTYNXT50,,2026-06-30,2026-06-30,72600.00,PE,NIFTYNXT5026JUN72600PE,0.00,0.00,0.00,9760.20,0.00,9760.20,69921.85,3226.75,0,0,0,0.00,0,F1,25,,,,,
2026-06-01,2026-06-01,FO,NSE,IDO,81995,,NIFTYNXT50,,2026-06-30,2026-06-30,71400.00,PE,NIFTYNXT5026JUN71400PE,0.00,0.00,0.00,10064.45,0.00,10064.45,69921.85,2439.25,0,0,0,0.00,0,F1,25,,,,,
2026-06-01,2026-06-01,FO,NSE,IDO,81802,,NIFTYNXT50,,2026-06-30,2026-06-30,68600.00,PE,NIFTYNXT5026JUN68600PE,0.00,0.00,0.00,7619.10,0.00,7619.10,69921.85,1074.20,0,0,0,0.00,0,F1,25,,,,,
2026-06-01,2026-06-01,FO,NSE,IDO,81793,,NIFTYNXT50,,2026-06-30,2026-06-30,68200.00,PE,NIFTYNXT5026JUN68200PE,0.00,0.00,0.00,7286.50,0.00,7286.50,69921.85,934.50,0,0,0,0.00,0,F1,25,,,,,
2026-06-01,2026-06-01,FO,NSE,IDO,81546,,NIFTYNXT50,,2026-06-30,2026-06-30,63100.00,PE,NIFTYNXT5026JUN63100PE,0.00,0.00,0.00,3589.70,0.00,3589.70,69921.85,85.50,0,0,0,0.00,0,F1,25,,,,,
2026-06-01,2026-06-01,FO,NSE,IDO,81394,,NIFTYNXT50,,2026-06-30,2026-06-30,61500.00,PE,NIFTYNXT5026JUN61500PE,0.00,0.00,0.00,2692.65,0.00,2692.65,69921.85,30.40,0,0,0,0.00,0,F1,25,,,,,
2026-06-01,2026-06-01,FO,NSE,IDO,81364,,NIFTYNXT50,,2026-06-30,2026-06-30,60500.00,PE,NIFTYNXT5026JUN60500PE,0.00,0.00,0.00,2206.20,0.00,2206.20,69921.85,14.65,0,0,0,0.00,0,F1,25,,,,,
2026-06-01,2026-06-01,FO,NSE,IDO,81232,,NIFTYNXT50,,2026-06-30,2026-06-30,57200.00,PE,NIFTYNXT5026JUN57200PE,0.00,0.00,0.00,1010.45,0.00,1010.45,69921.85,0.80,0,0,0,0.00,0,F1,25,,,,,
2026-06-01,2026-06-01,FO,NSE,IDO,81213,,NIFTYNXT50,,2026-06-30,2026-06-30,56400.00,PE,NIFTYNXT5026JUN56400PE,0.00,0.00,0.00,807.35,0.00,807.35,69921.85,0.35,0,0,0,0.00,0,F1,25,,,,,
2026-06-01,2026-06-01,FO,NSE,IDO,81209,,NIFTYNXT50,,2026-06-30,2026-06-30,56200.00,PE,NIFTYNXT5026JUN56200PE,0.00,0.00,0.00,761.95,0.00,761.95,69921.85,0.30,0,0,0,0.00,0,F1,25,,,,,
2026-06-01,2026-06-01,FO,NSE,IDO,80975,,NIFTYNXT50,,2026-06-30,2026-06-30,54500.00,PE,NIFTYNXT5026JUN54500PE,0.00,0.00,0.00,448.05,0.00,448.05,69921.85,0.05,0,0,0,0.00,0,F1,25,,,,,
2026-06-01,2026-06-01,FO,NSE,IDO,80956,,NIFTYNXT50,,2026-06-30,2026-06-30,54200.00,PE,NIFTYNXT5026JUN54200PE,0.00,0.00,0.00,404.90,0.00,404.90,69921.85,0.05,0,0,0,0.00,0,F1,25,,,,,
2026-06-01,2026-06-01,FO,NSE,IDO,80744,,NIFTYNXT50,,2026-06-30,2026-06-30,50500.00,PE,NIFTYNXT5026JUN50500PE,0.00,0.00,0.00,93.55,0.00,93.55,69921.85,0.00,0,0,0,0.00,0,F1,25,,,,,
2026-06-01,2026-06-01,FO,NSE,IDO,65865,,NIFTYNXT50,,2026-08-25,2026-08-25,81500.00,CE,NIFTYNXT5026AUG81500CE,0.00,0.00,0.00,604.50,0.00,604.50,69921.85,425.40,0,0,0,0.00,0,F1,25,,,,,
2026-06-01,2026-06-01,FO,NSE,IDO,65585,,NIFTYNXT50,,2026-08-25,2026-08-25,78300.00,CE,NIFTYNXT5026AUG78300CE,0.00,0.00,0.00,1131.60,0.00,1131.60,69921.85,844.45,0,0,0,0.00,0,F1,25,,,,,
2026-06-01,2026-06-01,FO,NSE,IDO,65515,,NIFTYNXT50,,2026-08-25,2026-08-25,78100.00,CE,NIFTYNXT5026AUG78100CE,0.00,0.00,0.00,1177.20,0.00,1177.20,69921.85,879.40,0,0,0,0.00,0,F1,25,,,,,
2026-06-01,2026-06-01,FO,NSE,IDO,65406,,NIFTYNXT50,,2026-08-25,2026-08-25,77200.00,CE,NIFTYNXT5026AUG77200CE,0.00,0.00,0.00,1385.20,0.00,1385.20,69921.85,1051.90,0,0,0,0.00,0,F1,25,,,,,
2026-06-01,2026-06-01,FO,NSE,IDO,65359,,NIFTYNXT50,,2026-08-25,2026-08-25,75700.00,CE,NIFTYNXT5026AUG75700CE,0.00,0.00,0.00,1796.25,0.00,1796.25,69921.85,1399.10,0,0,0,0.00,0,F1,25,,,,,
2026-06-01,2026-06-01,FO,NSE,IDO,65243,,NIFTYNXT50,,2026-08-25,2026-08-25,74700.00,CE,NIFTYNXT5026AUG74700CE,0.00,0.00,0.00,2122.15,0.00,2122.15,69921.85,1679.00,0,0,0,0.00,0,F1,25,,,,,
2026-06-01,2026-06-01,FO,NSE,IDO,65056,,NIFTYNXT50,,2026-08-25,2026-08-25,72500.00,CE,NIFTYNXT5026AUG72500CE,0.00,0.00,0.00,2993.70,0.00,2993.70,69921.85,2445.90,0,0,0,0.00,0,F1,25,,,,,
2026-06-01,2026-06-01,FO,NSE,IDO,64940,,NIFTYNXT50,,2026-08-25,2026-08-25,70700.00,CE,NIFTYNXT5026AUG70700CE,0.00,0.00,0.00,3876.00,0.00,3876.00,69921.85,3243.15,0,0,0,0.00,0,F1,25,,,,,
2026-06-01,2026-06-01,FO,NSE,IDO,64882,,NIFTYNXT50,,2026-08-25,2026-08-25,69900.00,CE,NIFTYNXT5026AUG69900CE,0.00,0.00,0.00,4318.40,0.00,4318.40,69921.85,3649.60,0,0,0,0.00,0,F1,25,,,,,
2026-06-01,2026-06-01,FO,NSE,IDO,64857,,NIFTYNXT50,,2026-08-25,2026-08-25,69600.00,CE,NIFTYNXT5026AUG69600CE,0.00,0.00,0.00,4492.25,0.00,4492.25,69921.85,3810.25,0,0,0,0.00,0,F1,25,,,,,
2026-06-01,2026-06-01,FO,NSE,IDO,64689,,NIFTYNXT50,,2026-08-25,2026-08-25,68000.00,CE,NIFTYNXT5026AUG68000CE,0.00,0.00,0.00,5492.20,0.00,5492.20,69921.85,4743.80,0,0,0,0.00,0,F1,25,,,,,
2026-06-01,2026-06-01,FO,NSE,IDO,64657,,NIFTYNXT50,,2026-08-25,2026-08-25,67500.00,CE,NIFTYNXT5026AUG67500CE,0.00,0.00,0.00,5829.10,0.00,5829.10,69921.85,5061.60,0,0,0,0.00,0,F1,25,,,,,
2026-06-01,2026-06-01,FO,NSE,IDO,64540,,NIFTYNXT50,,2026-08-25,2026-08-25,66900.00,CE,NIFTYNXT5026AUG66900CE,0.00,0.00,0.00,6251.55,0.00,6251.55,69921.85,5459.00,0,0,0,0.00,0,F1,25,,,,,
2026-06-01,2026-06-01,FO,NSE,IDO,64354,,NIFTYNXT50,,2026-08-25,2026-08-25,64700.00,CE,NIFTYNXT5026AUG64700CE,0.00,0.00,0.00,7915.10,0.00,7915.10,69921.85,7058.05,0,0,0,0.00,0,F1,25,,,,,
2026-06-01,2026-06-01,FO,NSE,IDO,64344,,NIFTYNXT50,,2026-08-25,2026-08-25,64600.00,CE,NIFTYNXT5026AUG64600CE,0.00,0.00,0.00,7995.20,0.00,7995.20,69921.85,7135.60,0,0,0,0.00,0,F1,25,,,,,
2026-06-01,2026-06-01,FO,NSE,IDO,64314,,NIFTYNXT50,,2026-08-25,2026-08-25,63500.00,CE,NIFTYNXT5026AUG63500CE,0.00,0.00,0.00,8899.35,0.00,8899.35,69921.85,8013.70,0,0,0,0.00,0,F1,25,,,,,
2026-06-01,2026-06-01,FO,NSE,IDO,64312,,NIFTYNXT50,,2026-08-25,2026-08-25,63400.00,CE,NIFTYNXT5026AUG63400CE,0.00,0.00,0.00,8983.50,0.00,8983.50,69921.85,8095.70,0,0,0,0.00,0,F1,25,,,,,
2026-06-01,2026-06-01,FO,NSE,IDO,64916,,NIFTYNXT50,,2026-07-28,2026-07-28,78400.00,CE,NIFTYNXT5026JUL78400CE,0.00,0.00,0.00,1045.90,0.00,1045.90,69921.85,416.80,0,0,0,0.00,0,F1,25,,,,,
2026-06-01,2026-06-01,FO,NSE,IDO,64864,,NIFTYNXT50,,2026-07-28,2026-07-28,76600.00,CE,NIFTYNXT5026JUL76600CE,0.00,0.00,0.00,1449.60,0.00,1449.60,69921.85,673.55,0,0,0,0.00,0,F1,25,,,,,
2026-06-01,2026-06-01,FO,NSE,IDO,64789,,NIFTYNXT50,,2026-07-28,2026-07-28,74000.00,CE,NIFTYNXT5026JUL74000CE,0.00,0.00,0.00,2246.55,0.00,2246.55,69921.85,1261.60,0,0,0,0.00,0,F1,25,,,,,
2026-06-01,2026-06-01,FO,NSE,IDO,64757,,NIFTYNXT50,,2026-07-28,2026-07-28,72600.00,CE,NIFTYNXT5026JUL72600CE,0.00,0.00,0.00,2794.30,0.00,2794.30,69921.85,1714.60,0,0,0,0.00,0,F1,25,,,,,
2026-06-01,2026-06-01,FO,NSE,IDO,64715,,NIFTYNXT50,,2026-07-28,2026-07-28,71300.00,CE,NIFTYNXT5026JUL71300CE,0.00,0.00,0.00,3383.80,0.00,3383.80,69921.85,2234.25,0,0,0,0.00,0,F1,25,,,,,
2026-06-01,2026-06-01,FO,NSE,IDO,64705,,NIFTYNXT50,,2026-07-28,2026-07-28,70800.00,CE,NIFTYNXT5026JUL70800CE,0.00,0.00,0.00,3632.25,0.00,3632.25,69921.85,2461.00,0,0,0,0.00,0,F1,25,,,,,
2026-06-01,2026-06-01,FO,NSE,IDO,64676,,NIFTYNXT50,,2026-07-28,2026-07-28,69900.00,CE,NIFTYNXT5026JUL69900CE,0.00,0.00,0.00,4109.25,0.00,4109.25,69921.85,2908.35,0,0,0,0.00,0,F1,25,,,,,
2026-06-01,2026-06-01,FO,NSE,IDO,64663,,NIFTYNXT50,,2026-07-28,2026-07-28,69400.00,CE,NIFTYNXT5026JUL69400CE,0.00,0.00,0.00,4391.15,0.00,4391.15,69921.85,3178.45,0,0,0,0.00,0,F1,25,,,,,
2026-06-01,2026-06-01,FO,NSE,IDO,64645,,NIFTYNXT50,,2026-07-28,2026-07-28,68800.00,CE,NIFTYNXT5026JUL68800CE,0.00,0.00,0.00,4745.25,0.00,4745.25,69921.85,3523.05,0,0,0,0.00,0,F1,25,,,,,
2026-06-01,2026-06-01,FO,NSE,IDO,64601,,NIFTYNXT50,,2026-07-28,2026-07-28,66900.00,CE,NIFTYNXT5026JUL66900CE,0.00,0.00,0.00,5978.20,0.00,5978.20,69921.85,4757.80,0,0,0,0.00,0,F1,25,,,,,
2026-06-01,2026-06-01,FO,NSE,IDO,64573,,NIFTYNXT50,,2026-07-28,2026-07-28,65500.00,CE,NIFTYNXT5026JUL65500CE,0.00,0.00,0.00,6991.05,0.00,6991.05,69921.85,5798.50,0,0,0,0.00,0,F1,25,,,,,
2026-06-01,2026-06-01,FO,NSE,IDO,64559,,NIFTYNXT50,,2026-07-28,2026-07-28,64800.00,CE,NIFTYNXT5026JUL64800CE,0.00,0.00,0.00,7526.95,0.00,7526.95,69921.85,6354.90,0,0,0,0.00,0,F1,25,,,,,
2026-06-01,2026-06-01,FO,NSE,IDO,64509,,NIFTYNXT50,,2026-07-28,2026-07-28,63100.00,CE,NIFTYNXT5026JUL63100CE,0.00,0.00,0.00,8903.10,0.00,8903.10,69921.85,7791.90,0,0,0,0.00,0,F1,25,,,,,
2026-06-01,2026-06-01,FO,NSE,IDO,64470,,NIFTYNXT50,,2026-07-28,2026-07-28,61600.00,CE,NIFTYNXT5026JUL61600CE,0.00,0.00,0.00,10193.40,0.00,10193.40,69921.85,9140.95,0,0,0,0.00,0,F1,25,,,,,
2026-06-01,2026-06-01,FO,NSE,IDO,64391,,NIFTYNXT50,,2026-07-28,2026-07-28,58500.00,CE,NIFTYNXT5026JUL58500CE,0.00,0.00,0.00,13026.55,0.00,13026.55,69921.85,12080.10,0,0,0,0.00,0,F1,25,,,,,
2026-06-01,2026-06-01,FO,NSE,IDO,49309,,NIFTYNXT50,,2026-06-30,2026-06-30,79100.00,CE,NIFTYNXT5026JUN79100CE,0.00,0.00,0.00,339.35,0.00,339.35,69921.85,62.45,0,0,0,0.00,0,F1,25,,,,,
2026-06-01,2026-06-01,FO,NSE,IDO,48527,,NIFTYNXT50,,2026-06-30,2026-06-30,78300.00,CE,NIFTYNXT5026JUN78300CE,0.00,0.00,0.00,290.50,0.00,290.50,69921.85,91.85,0,0,0,0.00,0,F1,25,,,,,
2026-06-01,2026-06-01,FO,NSE,IDO,82091,,NIFTYNXT50,,2026-06-30,2026-06-30,77500.00,CE,NIFTYNXT5026JUN77500CE,0.00,0.00,0.00,49.65,0.00,49.65,69921.85,133.00,0,0,0,0.00,0,F1,25,,,,,
2026-06-01,2026-06-01,FO,NSE,IDO,41019,,NIFTYNXT50,,2026-06-30,2026-06-30,77100.00,CE,NIFTYNXT5026JUN77100CE,0.00,0.00,0.00,389.85,0.00,389.85,69921.85,159.00,0,0,0,0.00,0,F1,25,,,,,
2026-06-01,2026-06-01,FO,NSE,IDO,41008,,NIFTYNXT50,,2026-06-30,2026-06-30,76700.00,CE,NIFTYNXT5026JUN76700CE,0.00,0.00,0.00,428.75,0.00,428.75,69921.85,189.35,0,0,0,0.00,0,F1,25,,,,,
2026-06-01,2026-06-01,FO,NSE,IDO,82048,,NIFTYNXT50,,2026-06-30,2026-06-30,76000.00,CE,NIFTYNXT5026JUN76000CE,0.00,0.00,0.00,78.95,0.00,78.95,69921.85,254.55,0,0,0,0.00,0,F1,25,,,,,
2026-06-01,2026-06-01,FO,NSE,IDO,82039,,NIFTYNXT50,,2026-06-30,2026-06-30,74500.00,CE,NIFTYNXT5026JUN74500CE,0.00,0.00,0.00,123.35,0.00,123.35,69921.85,459.90,0,0,0,0.00,0,F1,25,,,,,
2026-06-01,2026-06-01,FO,NSE,IDO,35276,,NIFTYNXT50,,2026-06-30,2026-06-30,72900.00,CE,NIFTYNXT5026JUN72900CE,0.00,0.00,0.00,332.85,0.00,332.85,69921.85,810.35,0,0,0,0.00,0,F1,25,,,,,
2026-06-01,2026-06-01,FO,NSE,IDO,82017,,NIFTYNXT50,,2026-06-30,2026-06-30,72300.00,CE,NIFTYNXT5026JUN72300CE,0.00,0.00,0.00,229.95,0.00,229.95,69921.85,986.25,0,0,0,0.00,0,F1,25,,,,,
2026-06-01,2026-06-01,FO,NSE,IDO,81972,,NIFTYNXT50,,2026-06-30,2026-06-30,70300.00,CE,NIFTYNXT5026JUN70300CE,0.00,0.00,0.00,391.10,0.00,391.10,69921.85,1778.75,0,0,0,0.00,0,F1,25,,,,,
2026-06-01,2026-06-01,FO,NSE,IDO,81812,,NIFTYNXT50,,2026-06-30,2026-06-30,69000.00,CE,NIFTYNXT5026JUN69000CE,0.00,0.00,0.00,542.20,0.00,542.20,69921.85,2478.55,0,0,0,0.00,0,F1,25,,,,,
2026-06-01,2026-06-01,FO,NSE,IDO,81808,,NIFTYNXT50,,2026-06-30,2026-06-30,68800.00,CE,NIFTYNXT5026JUN68800CE,0.00,0.00,0.00,569.40,0.00,569.40,69921.85,2599.25,0,0,0,0.00,0,F1,25,,,,,
2026-06-01,2026-06-01,FO,NSE,IDO,81787,,NIFTYNXT50,,2026-06-30,2026-06-30,68000.00,CE,NIFTYNXT5026JUN68000CE,0.00,0.00,0.00,690.00,0.00,690.00,69921.85,3115.90,0,0,0,0.00,0,F1,25,,,,,
2026-06-01,2026-06-01,FO,NSE,IDO,81785,,NIFTYNXT50,,2026-06-30,2026-06-30,67900.00,CE,NIFTYNXT5026JUN67900CE,0.00,0.00,0.00,706.50,0.00,706.50,69921.85,3184.20,0,0,0,0.00,0,F1,25,,,,,
2026-06-01,2026-06-01,FO,NSE,IDO,81781,,NIFTYNXT50,,2026-06-30,2026-06-30,67700.00,CE,NIFTYNXT5026JUN67700CE,0.00,0.00,0.00,740.45,0.00,740.45,69921.85,3323.20,0,0,0,0.00,0,F1,25,,,,,
2026-06-01,2026-06-01,FO,NSE,IDO,81722,,NIFTYNXT50,,2026-06-30,2026-06-30,66300.00,CE,NIFTYNXT5026JUN66300CE,0.00,0.00,0.00,1020.30,0.00,1020.30,69921.85,4380.55,0,0,0,0.00,0,F1,25,,,,,
2026-06-01,2026-06-01,FO,NSE,IDO,81672,,NIFTYNXT50,,2026-06-30,2026-06-30,65700.00,CE,NIFTYNXT5026JUN65700CE,0.00,0.00,0.00,1159.55,0.00,1159.55,69921.85,4873.35,0,0,0,0.00,0,F1,25,,,,,
2026-06-01,2026-06-01,FO,NSE,IDO,81628,,NIFTYNXT50,,2026-06-30,2026-06-30,64500.00,CE,NIFTYNXT5026JUN64500CE,0.00,0.00,0.00,1492.55,0.00,1492.55,69921.85,5916.90,0,0,0,0.00,0,F1,25,,,,,
2026-06-01,2026-06-01,FO,NSE,IDO,81616,,NIFTYNXT50,,2026-06-30,2026-06-30,64000.00,CE,NIFTYNXT5026JUN64000CE,0.00,0.00,0.00,1651.55,0.00,1651.55,69921.85,6370.55,0,0,0,0.00,0,F1,25,,,,,
2026-06-01,2026-06-01,FO,NSE,IDO,81614,,NIFTYNXT50,,2026-06-30,2026-06-30,63900.00,CE,NIFTYNXT5026JUN63900CE,0.00,0.00,0.00,1684.85,0.00,1684.85,69921.85,6462.35,0,0,0,0.00,0,F1,25,,,,,
2026-06-01,2026-06-01,FO,NSE,IDO,81379,,NIFTYNXT50,,2026-06-30,2026-06-30,61300.00,CE,NIFTYNXT5026JUN61300CE,0.00,0.00,0.00,2738.55,0.00,2738.55,69921.85,8940.75,0,0,0,0.00,0,F1,25,,,,,
2026-06-01,2026-06-01,FO,NSE,IDO,81365,,NIFTYNXT50,,2026-06-30,2026-06-30,60600.00,CE,NIFTYNXT5026JUN60600CE,0.00,0.00,0.00,3087.60,0.00,3087.60,69921.85,9626.85,0,0,0,0.00,0,F1,25,,,,,
2026-06-01,2026-06-01,FO,NSE,IDO,81357,,NIFTYNXT50,,2026-06-30,2026-06-30,60200.00,CE,NIFTYNXT5026JUN60200CE,0.00,0.00,0.00,3299.65,0.00,3299.65,69921.85,10020.75,0,0,0,0.00,0,F1,25,,,,,
2026-06-01,2026-06-01,FO,NSE,IDO,81345,,NIFTYNXT50,,2026-06-30,2026-06-30,59800.00,CE,NIFTYNXT5026JUN59800CE,0.00,0.00,0.00,3521.05,0.00,3521.05,69921.85,10415.65,0,0,0,0.00,0,F1,25,,,,,
2026-06-01,2026-06-01,FO,NSE,IDO,81298,,NIFTYNXT50,,2026-06-30,2026-06-30,58700.00,CE,NIFTYNXT5026JUN58700CE,0.00,0.00,0.00,4177.55,0.00,4177.55,69921.85,11505.25,0,0,0,0.00,0,F1,25,,,,,
2026-06-01,2026-06-01,FO,NSE,IDO,81241,,NIFTYNXT50,,2026-06-30,2026-06-30,57500.00,CE,NIFTYNXT5026JUN57500CE,0.00,0.00,0.00,4971.45,0.00,4971.45,69921.85,12697.30,0,0,0,0.00,0,F1,25,,,,,
2026-06-01,2026-06-01,FO,NSE,IDO,81216,,NIFTYNXT50,,2026-06-30,2026-06-30,56600.00,CE,NIFTYNXT5026JUN56600CE,0.00,0.00,0.00,5618.40,0.00,5618.40,69921.85,13592.35,0,0,0,0.00,0,F1,25,,,,,
2026-06-01,2026-06-01,FO,NSE,IDO,81212,,NIFTYNXT50,,2026-06-30,2026-06-30,56400.00,CE,NIFTYNXT5026JUN56400CE,0.00,0.00,0.00,5767.45,0.00,5767.45,69921.85,13791.35,0,0,0,0.00,0,F1,25,,,,,
2026-06-01,2026-06-01,FO,NSE,IDO,81013,,NIFTYNXT50,,2026-06-30,2026-06-30,55500.00,CE,NIFTYNXT5026JUN55500CE,0.00,0.00,0.00,6461.55,0.00,6461.55,69921.85,14686.80,0,0,0,0.00,0,F1,25,,,,,
2026-06-01,2026-06-01,FO,NSE,IDO,80971,,NIFTYNXT50,,2026-06-30,2026-06-30,54400.00,CE,NIFTYNXT5026JUN54400CE,0.00,0.00,0.00,7357.55,0.00,7357.55,69921.85,15781.50,0,0,0,0.00,0,F1,25,,,,,
2026-06-01,2026-06-01,FO,NSE,IDF,61094,,NIFTYNXT50,,2026-07-28,2026-07-28,,,NIFTYNXT5026JULFUT,71617.00,71617.00,70555.20,70582.60,70571.60,71887.60,69921.85,70582.60,1200,300,20,35493110.00,18,F1,25,,,,,
2026-06-01,2026-06-01,FO,NSE,IDF,62330,,NIFTYNXT50,,2026-06-30,2026-06-30,,,NIFTYNXT5026JUNFUT,71600.20,71600.20,70201.40,70336.40,70280.00,71545.80,69921.85,70336.40,17700,825,178,315198660.00,161,F1,25,,,,,
2026-06-01,2026-06-01,FO,NSE,IDO,65397,,NIFTYNXT50,,2026-08-25,2026-08-25,76700.00,PE,NIFTYNXT5026AUG76700PE,0.00,0.00,0.00,6132.35,0.00,6132.35,69921.85,6731.40,0,0,0,0.00,0,F1,25,,,,,
2026-06-01,2026-06-01,FO,NSE,IDO,65606,,NIFTYNXT50,,2026-08-25,2026-08-25,78500.00,PE,NIFTYNXT5026AUG78500PE,0.00,0.00,0.00,7485.30,0.00,7485.30,69921.85,8151.90,0,0,0,0.00,0,F1,25,,,,,
2026-06-01,2026-06-01,FO,NSE,IDO,64845,,NIFTYNXT50,,2026-07-28,2026-07-28,75900.00,CE,NIFTYNXT5026JUL75900CE,0.00,0.00,0.00,1637.90,0.00,1637.90,69921.85,803.75,0,0,0,0.00,0,F1,25,,,,,
2026-06-01,2026-06-01,FO,NSE,IDO,65385,,NIFTYNXT50,,2026-08-25,2026-08-25,76200.00,PE,NIFTYNXT5026AUG76200PE,0.00,0.00,0.00,5777.70,0.00,5777.70,69921.85,6354.70,0,0,0,0.00,0,F1,25,,,,,
2026-06-01,2026-06-01,FO,NSE,IDO,65345,,NIFTYNXT50,,2026-08-25,2026-08-25,75300.00,PE,NIFTYNXT5026AUG75300PE,0.00,0.00,0.00,5164.05,0.00,5164.05,69921.85,5697.95,0,0,0,0.00,0,F1,25,,,,,
2026-06-01,2026-06-01,FO,NSE,IDO,65403,,NIFTYNXT50,,2026-08-25,2026-08-25,77000.00,PE,NIFTYNXT5026AUG77000PE,0.00,0.00,0.00,6349.65,0.00,6349.65,69921.85,6958.65,0,0,0,0.00,0,F1,25,,,,,
2026-06-01,2026-06-01,FO,NSE,IDO,64932,,NIFTYNXT50,,2026-08-25,2026-08-25,70500.00,CE,NIFTYNXT5026AUG70500CE,0.00,0.00,0.00,3983.70,0.00,3983.70,69921.85,3341.95,0,0,0,0.00,0,F1,25,,,,,
2026-06-01,2026-06-01,FO,NSE,IDO,65866,,NIFTYNXT50,,2026-08-25,2026-08-25,81500.00,PE,NIFTYNXT5026AUG81500PE,0.00,0.00,0.00,9955.30,0.00,9955.30,69921.85,10719.35,0,0,0,0.00,0,F1,25,,,,,
2026-06-01,2026-06-01,FO,NSE,IDO,41026,,NIFTYNXT50,,2026-06-30,2026-06-30,77200.00,PE,NIFTYNXT5026JUN77200PE,0.00,0.00,0.00,10332.00,0.00,10332.00,69921.85,7061.90,0,0,0,0.00,0,F1,25,,,,,
2026-06-01,2026-06-01,FO,NSE,IDO,81769,,NIFTYNXT50,,2026-06-30,2026-06-30,67100.00,CE,NIFTYNXT5026JUN67100CE,0.00,0.00,0.00,850.60,0.00,850.60,69921.85,3759.50,0,0,0,0.00,0,F1,25,,,,,
2026-06-01,2026-06-01,FO,NSE,IDO,81737,,NIFTYNXT50,,2026-06-30,2026-06-30,66700.00,CE,NIFTYNXT5026JUN66700CE,0.00,0.00,0.00,931.25,0.00,931.25,69921.85,4064.55,0,0,0,0.00,0,F1,25,,,,,
2026-06-01,2026-06-01,FO,NSE,IDO,81664,,NIFTYNXT50,,2026-06-30,2026-06-30,65300.00,CE,NIFTYNXT5026JUN65300CE,0.00,0.00,0.00,1263.25,0.00,1263.25,69921.85,5213.25,0,0,0,0.00,0,F1,25,,,,,
2026-06-01,2026-06-01,FO,NSE,IDO,81654,,NIFTYNXT50,,2026-06-30,2026-06-30,64800.00,CE,NIFTYNXT5026JUN64800CE,0.00,0.00,0.00,1403.05,0.00,1403.05,69921.85,5649.60,0,0,0,0.00,0,F1,25,,,,,
2026-06-01,2026-06-01,FO,NSE,IDO,81416,,NIFTYNXT50,,2026-06-30,2026-06-30,61800.00,CE,NIFTYNXT5026JUN61800CE,0.00,0.00,0.00,2506.75,0.00,2506.75,69921.85,8454.05,0,0,0,0.00,0,F1,25,,,,,
2026-06-01,2026-06-01,FO,NSE,IDO,81371,,NIFTYNXT50,,2026-06-30,2026-06-30,60900.00,CE,NIFTYNXT5026JUN60900CE,0.00,0.00,0.00,2934.65,0.00,2934.65,69921.85,9332.20,0,0,0,0.00,0,F1,25,,,,,
2026-06-01,2026-06-01,FO,NSE,IDO,81363,,NIFTYNXT50,,2026-06-30,2026-06-30,60500.00,CE,NIFTYNXT5026JUN60500CE,0.00,0.00,0.00,3139.75,0.00,3139.75,69921.85,9725.20,0,0,0,0.00,0,F1,25,,,,,
2026-06-01,2026-06-01,FO,NSE,IDO,81359,,NIFTYNXT50,,2026-06-30,2026-06-30,60300.00,CE,NIFTYNXT5026JUN60300CE,0.00,0.00,0.00,3245.75,0.00,3245.75,69921.85,9922.15,0,0,0,0.00,0,F1,25,,,,,
2026-06-01,2026-06-01,FO,NSE,IDO,81333,,NIFTYNXT50,,2026-06-30,2026-06-30,59400.00,CE,NIFTYNXT5026JUN59400CE,0.00,0.00,0.00,3751.75,0.00,3751.75,69921.85,10811.35,0,0,0,0.00,0,F1,25,,,,,
2026-06-01,2026-06-01,FO,NSE,IDO,81247,,NIFTYNXT50,,2026-06-30,2026-06-30,57800.00,CE,NIFTYNXT5026JUN57800CE,0.00,0.00,0.00,4765.60,0.00,4765.60,69921.85,12399.10,0,0,0,0.00,0,F1,25,,,,,
2026-06-01,2026-06-01,FO,NSE,IDO,80974,,NIFTYNXT50,,2026-06-30,2026-06-30,54500.00,CE,NIFTYNXT5026JUN54500CE,0.00,0.00,0.00,7274.10,0.00,7274.10,69921.85,15681.95,0,0,0,0.00,0,F1,25,,,,,
2026-06-01,2026-06-01,FO,NSE,IDO,80948,,NIFTYNXT50,,2026-06-30,2026-06-30,54100.00,CE,NIFTYNXT5026JUN54100CE,0.00,0.00,0.00,7610.10,0.00,7610.10,69921.85,16080.05,0,0,0,0.00,0,F1,25,,,,,
2026-06-01,2026-06-01,FO,NSE,IDO,65121,,NIFTYNXT50,,2026-08-25,2026-08-25,73400.00,CE,NIFTYNXT5026AUG73400CE,0.00,0.00,0.00,2610.50,0.00,2610.50,69921.85,2105.80,0,0,0,0.00,0,F1,25,,,,,
2026-06-01,2026-06-01,FO,NSE,IDO,65123,,NIFTYNXT50,,2026-08-25,2026-08-25,73500.00,CE,NIFTYNXT5026AUG73500CE,0.00,0.00,0.00,2570.25,0.00,2570.25,69921.85,2070.30,0,0,0,0.00,0,F1,25,,,,,
2026-06-01,2026-06-01,FO,NSE,IDO,65157,,NIFTYNXT50,,2026-08-25,2026-08-25,73800.00,CE,NIFTYNXT5026AUG73800CE,0.00,0.00,0.00,2452.20,0.00,2452.20,69921.85,1966.55,0,0,0,0.00,0,F1,25,,,,,
2026-06-01,2026-06-01,FO,NSE,IDO,65215,,NIFTYNXT50,,2026-08-25,2026-08-25,74400.00,CE,NIFTYNXT5026AUG74400CE,0.00,0.00,0.00,2228.20,0.00,2228.20,69921.85,1771.00,0,0,0,0.00,0,F1,25,,,,,
2026-06-01,2026-06-01,FO,NSE,IDO,65386,,NIFTYNXT50,,2026-08-25,2026-08-25,76300.00,CE,NIFTYNXT5026AUG76300CE,0.00,0.00,0.00,1620.20,0.00,1620.20,69921.85,1253.40,0,0,0,0.00,0,F1,25,,,,,
2026-06-01,2026-06-01,FO,NSE,IDO,65396,,NIFTYNXT50,,2026-08-25,2026-08-25,76700.00,CE,NIFTYNXT5026AUG76700CE,0.00,0.00,0.00,1510.60,0.00,1510.60,69921.85,1161.80,0,0,0,0.00,0,F1,25,,,,,
2026-06-01,2026-06-01,FO,NSE,IDO,65398,,NIFTYNXT50,,2026-08-25,2026-08-25,76800.00,CE,NIFTYNXT5026AUG76800CE,0.00,0.00,0.00,1484.15,0.00,1484.15,69921.85,1139.75,0,0,0,0.00,0,F1,25,,,,,
2026-06-01,2026-06-01,FO,NSE,IDO,65404,,NIFTYNXT50,,2026-08-25,2026-08-25,77100.00,CE,NIFTYNXT5026AUG77100CE,0.00,0.00,0.00,1407.00,0.00,1407.00,69921.85,1072.70,0,0,0,0.00,0,F1,25,,,,,
2026-06-01,2026-06-01,FO,NSE,IDO,65513,,NIFTYNXT50,,2026-08-25,2026-08-25,78000.00,CE,NIFTYNXT5026AUG78000CE,0.00,0.00,0.00,1198.95,0.00,1198.95,69921.85,897.30,0,0,0,0.00,0,F1,25,,,,,
2026-06-01,2026-06-01,FO,NSE,IDO,64368,,NIFTYNXT50,,2026-08-25,2026-08-25,65000.00,CE,NIFTYNXT5026AUG65000CE,0.00,0.00,0.00,7676.85,0.00,7676.85,69921.85,6827.90,0,0,0,0.00,0,F1,25,,,,,
2026-06-01,2026-06-01,FO,NSE,IDO,64322,,NIFTYNXT50,,2026-08-25,2026-08-25,63900.00,CE,NIFTYNXT5026AUG63900CE,0.00,0.00,0.00,8565.90,0.00,8565.90,69921.85,7689.15,0,0,0,0.00,0,F1,25,,,,,
2026-06-01,2026-06-01,FO,NSE,IDO,64920,,NIFTYNXT50,,2026-07-28,2026-07-28,78600.00,CE,NIFTYNXT5026JUL78600CE,0.00,0.00,0.00,1007.30,0.00,1007.30,69921.85,394.25,0,0,0,0.00,0,F1,25,,,,,
2026-06-01,2026-06-01,FO,NSE,IDO,64900,,NIFTYNXT50,,2026-07-28,2026-07-28,77900.00,CE,NIFTYNXT5026JUL77900CE,0.00,0.00,0.00,1147.70,0.00,1147.70,69921.85,478.00,0,0,0,0.00,0,F1,25,,,,,
2026-06-01,2026-06-01,FO,NSE,IDO,64884,,NIFTYNXT50,,2026-07-28,2026-07-28,77400.00,CE,NIFTYNXT5026JUL77400CE,0.00,0.00,0.00,1260.00,0.00,1260.00,69921.85,546.65,0,0,0,0.00,0,F1,25,,,,,
2026-06-01,2026-06-01,FO,NSE,IDO,64868,,NIFTYNXT50,,2026-07-28,2026-07-28,76800.00,CE,NIFTYNXT5026JUL76800CE,0.00,0.00,0.00,1402.25,0.00,1402.25,69921.85,639.75,0,0,0,0.00,0,F1,25,,,,,
2026-06-01,2026-06-01,FO,NSE,IDO,64837,,NIFTYNXT50,,2026-07-28,2026-07-28,75600.00,CE,NIFTYNXT5026JUL75600CE,0.00,0.00,0.00,1724.30,0.00,1724.30,69921.85,865.55,0,0,0,0.00,0,F1,25,,,,,
2026-06-01,2026-06-01,FO,NSE,IDO,64835,,NIFTYNXT50,,2026-07-28,2026-07-28,75500.00,CE,NIFTYNXT5026JUL75500CE,0.00,0.00,0.00,1753.90,0.00,1753.90,69921.85,886.95,0,0,0,0.00,0,F1,25,,,,,
2026-06-01,2026-06-01,FO,NSE,IDO,64831,,NIFTYNXT50,,2026-07-28,2026-07-28,75300.00,CE,NIFTYNXT5026JUL75300CE,0.00,0.00,0.00,1814.25,0.00,1814.25,69921.85,933.85,0,0,0,0.00,0,F1,25,,,,,
2026-06-01,2026-06-01,FO,NSE,IDO,64819,,NIFTYNXT50,,2026-07-28,2026-07-28,74800.00,CE,NIFTYNXT5026JUL74800CE,0.00,0.00,0.00,1972.15,0.00,1972.15,69921.85,1051.20,0,0,0,0.00,0,F1,25,,,,,
2026-06-01,2026-06-01,FO,NSE,IDO,64759,,NIFTYNXT50,,2026-07-28,2026-07-28,72700.00,CE,NIFTYNXT5026JUL72700CE,0.00,0.00,0.00,2752.20,0.00,2752.20,69921.85,1678.70,0,0,0,0.00,0,F1,25,,,,,
2026-06-01,2026-06-01,FO,NSE,IDO,64753,,NIFTYNXT50,,2026-07-28,2026-07-28,72400.00,CE,NIFTYNXT5026JUL72400CE,0.00,0.00,0.00,2879.80,0.00,2879.80,69921.85,1788.15,0,0,0,0.00,0,F1,25,,,,,
2026-06-01,2026-06-01,FO,NSE,IDO,64717,,NIFTYNXT50,,2026-07-28,2026-07-28,71400.00,CE,NIFTYNXT5026JUL71400CE,0.00,0.00,0.00,3335.65,0.00,3335.65,69921.85,2190.70,0,0,0,0.00,0,F1,25,,,,,
2026-06-01,2026-06-01,FO,NSE,IDO,65671,,NIFTYNXT50,,2026-08-25,2026-08-25,80500.00,CE,NIFTYNXT5026AUG80500CE,0.00,0.00,0.00,740.30,0.00,740.30,69921.85,530.90,0,0,0,0.00,0,F1,25,,,,,
2026-06-01,2026-06-01,FO,NSE,IDO,80992,,NIFTYNXT50,,2026-06-30,2026-06-30,54800.00,PE,NIFTYNXT5026JUN54800PE,0.00,0.00,0.00,494.65,0.00,494.65,69921.85,0.05,0,0,0,0.00,0,F1,25,,,,,
2026-06-01,2026-06-01,FO,NSE,IDO,64703,,NIFTYNXT50,,2026-07-28,2026-07-28,70700.00,CE,NIFTYNXT5026JUL70700CE,0.00,0.00,0.00,3683.30,0.00,3683.30,69921.85,2508.20,0,0,0,0.00,0,F1,25,,,,,
2026-06-01,2026-06-01,FO,NSE,IDO,64665,,NIFTYNXT50,,2026-07-28,2026-07-28,69500.00,CE,NIFTYNXT5026JUL69500CE,0.00,0.00,0.00,4333.80,0.00,4333.80,69921.85,3123.20,0,0,0,0.00,0,F1,25,,,,,
2026-06-01,2026-06-01,FO,NSE,IDO,64639,,NIFTYNXT50,,2026-07-28,2026-07-28,68500.00,CE,NIFTYNXT5026JUL68500CE,0.00,0.00,0.00,4928.75,0.00,4928.75,69921.85,3703.65,0,0,0,0.00,0,F1,25,,,,,
2026-06-01,2026-06-01,FO,NSE,IDO,64569,,NIFTYNXT50,,2026-07-28,2026-07-28,65300.00,CE,NIFTYNXT5026JUL65300CE,0.00,0.00,0.00,7142.20,0.00,7142.20,69921.85,5955.15,0,0,0,0.00,0,F1,25,,,,,
2026-06-01,2026-06-01,FO,NSE,IDO,64537,,NIFTYNXT50,,2026-07-28,2026-07-28,63900.00,CE,NIFTYNXT5026JUL63900CE,0.00,0.00,0.00,8243.00,0.00,8243.00,69921.85,7101.75,0,0,0,0.00,0,F1,25,,,,,
2026-06-01,2026-06-01,FO,NSE,IDO,81006,,NIFTYNXT50,,2026-06-30,2026-06-30,55100.00,PE,NIFTYNXT5026JUN55100PE,0.00,0.00,0.00,544.85,0.00,544.85,69921.85,0.10,0,0,0,0.00,0,F1,25,,,,,
2026-06-01,2026-06-01,FO,NSE,IDO,81240,,NIFTYNXT50,,2026-06-30,2026-06-30,57400.00,PE,NIFTYNXT5026JUN57400PE,0.00,0.00,0.00,1065.65,0.00,1065.65,69921.85,1.00,0,0,0,0.00,0,F1,25,,,,,
2026-06-01,2026-06-01,FO,NSE,IDO,81297,,NIFTYNXT50,,2026-06-30,2026-06-30,58600.00,PE,NIFTYNXT5026JUN58600PE,0.00,0.00,0.00,1441.20,0.00,1441.20,69921.85,3.05,0,0,0,0.00,0,F1,25,,,,,
2026-06-01,2026-06-01,FO,NSE,IDO,81307,,NIFTYNXT50,,2026-06-30,2026-06-30,58800.00,PE,NIFTYNXT5026JUN58800PE,0.00,0.00,0.00,1511.95,0.00,1511.95,69921.85,3.65,0,0,0,0.00,0,F1,25,,,,,
2026-06-01,2026-06-01,FO,NSE,IDO,81334,,NIFTYNXT50,,2026-06-30,2026-06-30,59400.00,PE,NIFTYNXT5026JUN59400PE,0.00,0.00,0.00,1737.90,0.00,1737.90,69921.85,6.10,0,0,0,0.00,0,F1,25,,,,,
2026-06-01,2026-06-01,FO,NSE,IDO,81346,,NIFTYNXT50,,2026-06-30,2026-06-30,59800.00,PE,NIFTYNXT5026JUN59800PE,0.00,0.00,0.00,1900.05,0.00,1900.05,69921.85,8.45,0,0,0,0.00,0,F1,25,,,,,
2026-06-01,2026-06-01,FO,NSE,IDO,81544,,NIFTYNXT50,,2026-06-30,2026-06-30,63000.00,PE,NIFTYNXT5026JUN63000PE,0.00,0.00,0.00,3529.50,0.00,3529.50,69921.85,80.50,0,0,0,0.00,0,F1,25,,,,,
2026-06-01,2026-06-01,FO,NSE,IDO,81721,,NIFTYNXT50,,2026-06-30,2026-06-30,66200.00,PE,NIFTYNXT5026JUN66200PE,0.00,0.00,0.00,5707.25,0.00,5707.25,69921.85,423.45,0,0,0,0.00,0,F1,25,,,,,
2026-06-01,2026-06-01,FO,NSE,IDO,81727,,NIFTYNXT50,,2026-06-30,2026-06-30,66500.00,PE,NIFTYNXT5026JUN66500PE,0.00,0.00,0.00,5935.30,0.00,5935.30,69921.85,482.10,0,0,0,0.00,0,F1,25,,,,,
2026-06-01,2026-06-01,FO,NSE,IDO,81770,,NIFTYNXT50,,2026-06-30,2026-06-30,67100.00,PE,NIFTYNXT5026JUN67100PE,0.00,0.00,0.00,6398.80,0.00,6398.80,69921.85,617.50,0,0,0,0.00,0,F1,25,,,,,
2026-06-01,2026-06-01,FO,NSE,IDO,81790,,NIFTYNXT50,,2026-06-30,2026-06-30,68100.00,PE,NIFTYNXT5026JUN68100PE,0.00,0.00,0.00,7204.15,0.00,7204.15,69921.85,901.65,0,0,0,0.00,0,F1,25,,,,,
2026-06-01,2026-06-01,FO,NSE,IDO,81811,,NIFTYNXT50,,2026-06-30,2026-06-30,68900.00,PE,NIFTYNXT5026JUN68900PE,0.00,0.00,0.00,7871.65,0.00,7871.65,69921.85,1187.85,0,0,0,0.00,0,F1,25,,,,,
2026-06-01,2026-06-01,FO,NSE,IDO,81894,,NIFTYNXT50,,2026-06-30,2026-06-30,69500.00,PE,NIFTYNXT5026JUN69500PE,0.00,0.00,0.00,8384.25,0.00,8384.25,69921.85,1438.50,0,0,0,0.00,0,F1,25,,,,,
2026-06-01,2026-06-01,FO,NSE,IDO,81901,,NIFTYNXT50,,2026-06-30,2026-06-30,69800.00,PE,NIFTYNXT5026JUN69800PE,0.00,0.00,0.00,8644.10,0.00,8644.10,69921.85,1575.60,0,0,0,0.00,0,F1,25,,,,,
2026-06-01,2026-06-01,FO,NSE,IDO,81915,,NIFTYNXT50,,2026-06-30,2026-06-30,70000.00,PE,NIFTYNXT5026JUN70000PE,999.00,999.00,999.00,999.00,999.00,8818.55,69921.85,1671.45,25,25,1,1774975.00,1,F1,25,,,,,
2026-06-01,2026-06-01,FO,NSE,IDO,81979,,NIFTYNXT50,,2026-06-30,2026-06-30,70600.00,PE,NIFTYNXT5026JUN70600PE,1491.50,1491.50,899.55,899.55,899.55,9347.50,69921.85,1979.65,0,0,2,3589776.25,2,F1,25,,,,,
2026-06-01,2026-06-01,FO,NSE,IDO,81991,,NIFTYNXT50,,2026-06-30,2026-06-30,71200.00,PE,NIFTYNXT5026JUN71200PE,0.00,0.00,0.00,9884.05,0.00,9884.05,69921.85,2319.30,0,0,0,0.00,0,F1,25,,,,,
2026-06-01,2026-06-01,FO,NSE,IDO,82009,,NIFTYNXT50,,2026-06-30,2026-06-30,72000.00,PE,NIFTYNXT5026JUN72000PE,0.00,0.00,0.00,10610.00,0.00,10610.00,69921.85,2818.90,0,0,0,0.00,0,F1,25,,,,,
2026-06-01,2026-06-01,FO,NSE,IDO,35283,,NIFTYNXT50,,2026-06-30,2026-06-30,73100.00,PE,NIFTYNXT5026JUN73100PE,0.00,0.00,0.00,10208.30,0.00,10208.30,69921.85,3586.85,0,0,0,0.00,0,F1,25,,,,,
2026-06-01,2026-06-01,FO,NSE,IDO,82047,,NIFTYNXT50,,2026-06-30,2026-06-30,75500.00,PE,NIFTYNXT5026JUN75500PE,0.00,0.00,0.00,13889.55,0.00,13889.55,69921.85,5529.95,0,0,0,0.00,0,F1,25,,,,,
2026-06-01,2026-06-01,FO,NSE,IDO,82119,,NIFTYNXT50,,2026-06-30,2026-06-30,79500.00,CE,NIFTYNXT5026JUN79500CE,0.00,0.00,0.00,26.10,0.00,26.10,69921.85,51.20,0,0,0,0.00,0,F1,25,,,,,
2026-06-01,2026-06-01,FO,NSE,IDO,49301,,NIFTYNXT50,,2026-06-30,2026-06-30,78600.00,CE,NIFTYNXT5026JUN78600CE,0.00,0.00,0.00,383.15,0.00,383.15,69921.85,79.65,0,0,0,0.00,0,F1,25,,,,,
2026-06-01,2026-06-01,FO,NSE,IDO,82098,,NIFTYNXT50,,2026-06-30,2026-06-30,78000.00,CE,NIFTYNXT5026JUN78000CE,0.00,0.00,0.00,42.40,0.00,42.40,69921.85,105.75,0,0,0,0.00,0,F1,25,,,,,
2026-06-01,2026-06-01,FO,NSE,IDO,40984,,NIFTYNXT50,,2026-06-30,2026-06-30,75400.00,CE,NIFTYNXT5026JUN75400CE,0.00,0.00,0.00,579.35,0.00,579.35,69921.85,324.80,0,0,0,0.00,0,F1,25,,,,,
2026-06-01,2026-06-01,FO,NSE,IDO,35306,,NIFTYNXT50,,2026-06-30,2026-06-30,73800.00,CE,NIFTYNXT5026JUN73800CE,0.00,0.00,0.00,263.60,0.00,263.60,69921.85,594.25,0,0,0,0.00,0,F1,25,,,,,
2026-06-01,2026-06-01,FO,NSE,IDO,82034,,NIFTYNXT50,,2026-06-30,2026-06-30,73500.00,CE,NIFTYNXT5026JUN73500CE,0.00,0.00,0.00,164.55,0.00,164.55,69921.85,660.65,0,0,0,0.00,0,F1,25,,,,,
2026-06-01,2026-06-01,FO,NSE,IDO,81998,,NIFTYNXT50,,2026-06-30,2026-06-30,71600.00,CE,NIFTYNXT5026JUN71600CE,0.00,0.00,0.00,278.00,0.00,278.00,69921.85,1226.05,0,0,0,0.00,0,F1,25,,,,,
2026-06-01,2026-06-01,FO,NSE,IDO,81986,,NIFTYNXT50,,2026-06-30,2026-06-30,71000.00,CE,NIFTYNXT5026JUN71000CE,1212.00,1516.80,956.00,1160.05,1160.05,326.00,69921.85,1463.30,25,25,28,50500547.50,10,F1,25,,,,,
2026-06-01,2026-06-01,FO,NSE,IDO,81891,,NIFTYNXT50,,2026-06-30,2026-06-30,69400.00,CE,NIFTYNXT5026JUN69400CE,0.00,0.00,0.00,491.10,0.00,491.10,69921.85,2247.55,0,0,0,0.00,0,F1,25,,,,,
2026-06-01,2026-06-01,FO,NSE,IDO,81818,,NIFTYNXT50,,2026-06-30,2026-06-30,69300.00,CE,NIFTYNXT5026JUN69300CE,0.00,0.00,0.00,503.50,0.00,503.50,69921.85,2303.95,0,0,0,0.00,0,F1,25,,,,,
2026-06-01,2026-06-01,FO,NSE,IDO,81816,,NIFTYNXT50,,2026-06-30,2026-06-30,69200.00,CE,NIFTYNXT5026JUN69200CE,0.00,0.00,0.00,516.10,0.00,516.10,69921.85,2361.30,0,0,0,0.00,0,F1,25,,,,,
2026-06-01,2026-06-01,FO,NSE,IDO,82087,,NIFTYNXT50,,2026-06-30,2026-06-30,76500.00,PE,NIFTYNXT5026JUN76500PE,0.00,0.00,0.00,14847.60,0.00,14847.60,69921.85,6419.45,0,0,0,0.00,0,F1,25,,,,,
2026-06-01,2026-06-01,FO,NSE,IDO,41013,,NIFTYNXT50,,2026-06-30,2026-06-30,76800.00,PE,NIFTYNXT5026JUN76800PE,0.00,0.00,0.00,9975.85,0.00,9975.85,69921.85,6693.05,0,0,0,0.00,0,F1,25,,,,,
2026-06-01,2026-06-01,FO,NSE,IDO,82128,,NIFTYNXT50,,2026-06-30,2026-06-30,81500.00,PE,NIFTYNXT5026JUN81500PE,0.00,0.00,0.00,19703.65,0.00,19703.65,69921.85,11207.10,0,0,0,0.00,0,F1,25,,,,,
2026-06-01,2026-06-01,FO,NSE,IDO,64414,,NIFTYNXT50,,2026-07-28,2026-07-28,59500.00,PE,NIFTYNXT5026JUL59500PE,0.00,0.00,0.00,170.60,0.00,170.60,69921.85,64.10,0,0,0,0.00,0,F1,25,,,,,
2026-06-01,2026-06-01,FO,NSE,IDO,64523,,NIFTYNXT50,,2026-07-28,2026-07-28,63300.00,PE,NIFTYNXT5026JUL63300PE,0.00,0.00,0.00,559.15,0.00,559.15,69921.85,324.80,0,0,0,0.00,0,F1,25,,,,,
2026-06-01,2026-06-01,FO,NSE,IDO,64560,,NIFTYNXT50,,2026-07-28,2026-07-28,64800.00,PE,NIFTYNXT5026JUL64800PE,0.00,0.00,0.00,828.45,0.00,828.45,69921.85,546.55,0,0,0,0.00,0,F1,25,,,,,
2026-06-01,2026-06-01,FO,NSE,IDO,64570,,NIFTYNXT50,,2026-07-28,2026-07-28,65300.00,PE,NIFTYNXT5026JUL65300PE,0.00,0.00,0.00,936.55,0.00,936.55,69921.85,641.50,0,0,0,0.00,0,F1,25,,,,,
2026-06-01,2026-06-01,FO,NSE,IDO,64617,,NIFTYNXT50,,2026-07-28,2026-07-28,67500.00,PE,NIFTYNXT5026JUL67500PE,0.00,0.00,0.00,1533.65,0.00,1533.65,69921.85,1208.00,0,0,0,0.00,0,F1,25,,,,,
2026-06-01,2026-06-01,FO,NSE,IDO,64636,,NIFTYNXT50,,2026-07-28,2026-07-28,68300.00,PE,NIFTYNXT5026JUL68300PE,0.00,0.00,0.00,1804.75,0.00,1804.75,69921.85,1481.70,0,0,0,0.00,0,F1,25,,,,,
2026-06-01,2026-06-01,FO,NSE,IDO,64664,,NIFTYNXT50,,2026-07-28,2026-07-28,69400.00,PE,NIFTYNXT5026JUL69400PE,0.00,0.00,0.00,2226.65,0.00,2226.65,69921.85,1921.40,0,0,0,0.00,0,F1,25,,,,,
2026-06-01,2026-06-01,FO,NSE,IDO,64670,,NIFTYNXT50,,2026-07-28,2026-07-28,69700.00,PE,NIFTYNXT5026JUL69700PE,0.00,0.00,0.00,2351.75,0.00,2351.75,69921.85,2054.25,0,0,0,0.00,0,F1,25,,,,,
2026-06-01,2026-06-01,FO,NSE,IDO,64822,,NIFTYNXT50,,2026-07-28,2026-07-28,74900.00,PE,NIFTYNXT5026JUL74900PE,0.00,0.00,0.00,5196.30,0.00,5196.30,69921.85,5211.50,0,0,0,0.00,0,F1,25,,,,,
2026-06-01,2026-06-01,FO,NSE,IDO,64895,,NIFTYNXT50,,2026-07-28,2026-07-28,77600.00,PE,NIFTYNXT5026JUL77600PE,0.00,0.00,0.00,7133.05,0.00,7133.05,69921.85,7374.30,0,0,0,0.00,0,F1,25,,,,,
2026-06-01,2026-06-01,FO,NSE,IDO,64925,,NIFTYNXT50,,2026-07-28,2026-07-28,78800.00,PE,NIFTYNXT5026JUL78800PE,0.00,0.00,0.00,8070.45,0.00,8070.45,69921.85,8416.10,0,0,0,0.00,0,F1,25,,,,,
2026-06-01,2026-06-01,FO,NSE,IDO,64935,,NIFTYNXT50,,2026-07-28,2026-07-28,79100.00,PE,NIFTYNXT5026JUL79100PE,0.00,0.00,0.00,8312.20,0.00,8312.20,69921.85,8682.60,0,0,0,0.00,0,F1,25,,,,,
2026-06-01,2026-06-01,FO,NSE,IDO,64302,,NIFTYNXT50,,2026-08-25,2026-08-25,63000.00,PE,NIFTYNXT5026AUG63000PE,0.00,0.00,0.00,447.30,0.00,447.30,69921.85,512.70,0,0,0,0.00,0,F1,25,,,,,
2026-06-01,2026-06-01,FO,NSE,IDO,64355,,NIFTYNXT50,,2026-08-25,2026-08-25,64700.00,PE,NIFTYNXT5026AUG64700PE,0.00,0.00,0.00,714.10,0.00,714.10,69921.85,816.75,0,0,0,0.00,0,F1,25,,,,,
2026-06-01,2026-06-01,FO,NSE,IDO,64467,,NIFTYNXT50,,2026-08-25,2026-08-25,66000.00,PE,NIFTYNXT5026AUG66000PE,0.00,0.00,0.00,987.25,0.00,987.25,69921.85,1128.35,0,0,0,0.00,0,F1,25,,,,,
2026-06-01,2026-06-01,FO,NSE,IDO,64513,,NIFTYNXT50,,2026-08-25,2026-08-25,66400.00,PE,NIFTYNXT5026AUG66400PE,0.00,0.00,0.00,1087.35,0.00,1087.35,69921.85,1237.95,0,0,0,0.00,0,F1,25,,,,,
2026-06-01,2026-06-01,FO,NSE,IDO,64654,,NIFTYNXT50,,2026-08-25,2026-08-25,67300.00,PE,NIFTYNXT5026AUG67300PE,0.00,0.00,0.00,1327.65,0.00,1327.65,69921.85,1509.90,0,0,0,0.00,0,F1,25,,,,,
2026-06-01,2026-06-01,FO,NSE,IDO,64656,,NIFTYNXT50,,2026-08-25,2026-08-25,67400.00,PE,NIFTYNXT5026AUG67400PE,0.00,0.00,0.00,1357.00,0.00,1357.00,69921.85,1542.80,0,0,0,0.00,0,F1,25,,,,,
2026-06-01,2026-06-01,FO,NSE,IDO,64798,,NIFTYNXT50,,2026-08-25,2026-08-25,69100.00,PE,NIFTYNXT5026AUG69100PE,0.00,0.00,0.00,1925.75,0.00,1925.75,69921.85,2177.55,0,0,0,0.00,0,F1,25,,,,,
2026-06-01,2026-06-01,FO,NSE,IDO,65070,,NIFTYNXT50,,2026-08-25,2026-08-25,72500.00,PE,NIFTYNXT5026AUG72500PE,0.00,0.00,0.00,3477.50,0.00,3477.50,69921.85,3881.70,0,0,0,0.00,0,F1,25,,,,,
2026-06-01,2026-06-01,FO,NSE,IDO,65206,,NIFTYNXT50,,2026-08-25,2026-08-25,74200.00,PE,NIFTYNXT5026AUG74200PE,0.00,0.00,0.00,4459.80,0.00,4459.80,69921.85,4943.45,0,0,0,0.00,0,F1,25,,,,,
2026-06-01,2026-06-01,FO,NSE,IDO,65362,,NIFTYNXT50,,2026-08-25,2026-08-25,75800.00,PE,NIFTYNXT5026AUG75800PE,0.00,0.00,0.00,5500.95,0.00,5500.95,69921.85,6057.10,0,0,0,0.00,0,F1,25,,,,,
2026-06-01,2026-06-01,FO,NSE,IDO,65383,,NIFTYNXT50,,2026-08-25,2026-08-25,76100.00,PE,NIFTYNXT5026AUG76100PE,0.00,0.00,0.00,5707.90,0.00,5707.90,69921.85,6280.45,0,0,0,0.00,0,F1,25,,,,,
2026-06-01,2026-06-01,FO,NSE,IDO,65393,,NIFTYNXT50,,2026-08-25,2026-08-25,76500.00,PE,NIFTYNXT5026AUG76500PE,0.00,0.00,0.00,5989.35,0.00,5989.35,69921.85,6579.65,0,0,0,0.00,0,F1,25,,,,,
2026-06-01,2026-06-01,FO,NSE,IDO,65401,,NIFTYNXT50,,2026-08-25,2026-08-25,76900.00,PE,NIFTYNXT5026AUG76900PE,0.00,0.00,0.00,6276.85,0.00,6276.85,69921.85,6884.55,0,0,0,0.00,0,F1,25,,,,,
2026-06-01,2026-06-01,FO,NSE,IDO,64807,,NIFTYNXT50,,2026-08-25,2026-08-25,69400.00,CE,NIFTYNXT5026AUG69400CE,0.00,0.00,0.00,4610.60,0.00,4610.60,69921.85,3919.90,0,0,0,0.00,0,F1,25,,,,,
2026-06-01,2026-06-01,FO,NSE,IDO,64773,,NIFTYNXT50,,2026-08-25,2026-08-25,68800.00,CE,NIFTYNXT5026AUG68800CE,0.00,0.00,0.00,4977.10,0.00,4977.10,69921.85,4260.95,0,0,0,0.00,0,F1,25,,,,,
2026-06-01,2026-06-01,FO,NSE,IDO,64745,,NIFTYNXT50,,2026-08-25,2026-08-25,68500.00,CE,NIFTYNXT5026AUG68500CE,0.00,0.00,0.00,5166.75,0.00,5166.75,69921.85,4438.30,0,0,0,0.00,0,F1,25,,,,,
2026-06-01,2026-06-01,FO,NSE,IDO,64685,,NIFTYNXT50,,2026-08-25,2026-08-25,67900.00,CE,NIFTYNXT5026AUG67900CE,0.00,0.00,0.00,5558.65,0.00,5558.65,69921.85,4806.40,0,0,0,0.00,0,F1,25,,,,,
2026-06-01,2026-06-01,FO,NSE,IDO,64622,,NIFTYNXT50,,2026-08-25,2026-08-25,67200.00,CE,NIFTYNXT5026AUG67200CE,0.00,0.00,0.00,6039.60,0.00,6039.60,69921.85,5258.15,0,0,0,0.00,0,F1,25,,,,,
2026-06-01,2026-06-01,FO,NSE,IDO,64546,,NIFTYNXT50,,2026-08-25,2026-08-25,67000.00,CE,NIFTYNXT5026AUG67000CE,0.00,0.00,0.00,6180.45,0.00,6180.45,69921.85,5391.55,0,0,0,0.00,0,F1,25,,,,,
2026-06-01,2026-06-01,FO,NSE,IDO,64514,,NIFTYNXT50,,2026-08-25,2026-08-25,66500.00,CE,NIFTYNXT5026AUG66500CE,0.00,0.00,0.00,6540.20,0.00,6540.20,69921.85,5733.35,0,0,0,0.00,0,F1,25,,,,,
2026-06-01,2026-06-01,FO,NSE,IDO,64510,,NIFTYNXT50,,2026-08-25,2026-08-25,66400.00,CE,NIFTYNXT5026AUG66400CE,0.00,0.00,0.00,6613.45,0.00,6613.45,69921.85,5806.00,0,0,0,0.00,0,F1,25,,,,,
2026-06-01,2026-06-01,FO,NSE,IDO,64468,,NIFTYNXT50,,2026-08-25,2026-08-25,66100.00,CE,NIFTYNXT5026AUG66100CE,0.00,0.00,0.00,6832.65,0.00,6832.65,69921.85,6018.45,0,0,0,0.00,0,F1,25,,,,,
2026-06-01,2026-06-01,FO,NSE,IDO,64922,,NIFTYNXT50,,2026-07-28,2026-07-28,78700.00,CE,NIFTYNXT5026JUL78700CE,0.00,0.00,0.00,988.45,0.00,988.45,69921.85,383.40,0,0,0,0.00,0,F1,25,,,,,
2026-06-01,2026-06-01,FO,NSE,IDO,64785,,NIFTYNXT50,,2026-07-28,2026-07-28,73800.00,CE,NIFTYNXT5026JUL73800CE,0.00,0.00,0.00,2319.45,0.00,2319.45,69921.85,1319.95,0,0,0,0.00,0,F1,25,,,,,
2026-06-01,2026-06-01,FO,NSE,IDO,64741,,NIFTYNXT50,,2026-07-28,2026-07-28,72200.00,CE,NIFTYNXT5026JUL72200CE,0.00,0.00,0.00,2967.20,0.00,2967.20,69921.85,1863.95,0,0,0,0.00,0,F1,25,,,,,
2026-06-01,2026-06-01,FO,NSE,IDO,64607,,NIFTYNXT50,,2026-07-28,2026-07-28,67200.00,CE,NIFTYNXT5026JUL67200CE,0.00,0.00,0.00,5772.50,0.00,5772.50,69921.85,4548.80,0,0,0,0.00,0,F1,25,,,,,
2026-06-01,2026-06-01,FO,NSE,IDO,64610,,NIFTYNXT50,,2026-07-28,2026-07-28,67300.00,CE,NIFTYNXT5026JUL67300CE,0.00,0.00,0.00,5704.85,0.00,5704.85,69921.85,4480.25,0,0,0,0.00,0,F1,25,,,,,
2026-06-01,2026-06-01,FO,NSE,IDO,64681,,NIFTYNXT50,,2026-07-28,2026-07-28,70100.00,CE,NIFTYNXT5026JUL70100CE,0.00,0.00,0.00,3999.90,0.00,3999.90,69921.85,2804.65,0,0,0,0.00,0,F1,25,,,,,
2026-06-01,2026-06-01,FO,NSE,IDO,81353,,NIFTYNXT50,,2026-06-30,2026-06-30,60000.00,CE,NIFTYNXT5026JUN60000CE,0.00,0.00,0.00,3409.20,0.00,3409.20,69921.85,10218.10,0,0,0,0.00,0,F1,25,,,,,
2026-06-01,2026-06-01,FO,NSE,IDO,81381,,NIFTYNXT50,,2026-06-30,2026-06-30,61400.00,CE,NIFTYNXT5026JUN61400CE,0.00,0.00,0.00,2691.05,0.00,2691.05,69921.85,8843.15,0,0,0,0.00,0,F1,25,,,,,
2026-06-01,2026-06-01,FO,NSE,IDO,81420,,NIFTYNXT50,,2026-06-30,2026-06-30,61900.00,CE,NIFTYNXT5026JUN61900CE,0.00,0.00,0.00,2462.10,0.00,2462.10,69921.85,8357.15,0,0,0,0.00,0,F1,25,,,,,
2026-06-01,2026-06-01,FO,NSE,IDO,81658,,NIFTYNXT50,,2026-06-30,2026-06-30,65000.00,CE,NIFTYNXT5026JUN65000CE,0.00,0.00,0.00,1345.75,0.00,1345.75,69921.85,5473.65,0,0,0,0.00,0,F1,25,,,,,
2026-06-01,2026-06-01,FO,NSE,IDO,81720,,NIFTYNXT50,,2026-06-30,2026-06-30,66200.00,CE,NIFTYNXT5026JUN66200CE,0.00,0.00,0.00,1042.90,0.00,1042.90,69921.85,4461.15,0,0,0,0.00,0,F1,25,,,,,
2026-06-01,2026-06-01,FO,NSE,IDO,65257,,NIFTYNXT50,,2026-08-25,2026-08-25,74800.00,CE,NIFTYNXT5026AUG74800CE,0.00,0.00,0.00,2087.70,0.00,2087.70,69921.85,1649.20,0,0,0,0.00,0,F1,25,,,,,
2026-06-01,2026-06-01,FO,NSE,IDO,64695,,NIFTYNXT50,,2026-07-28,2026-07-28,70300.00,CE,NIFTYNXT5026JUL70300CE,0.00,0.00,0.00,3892.45,0.00,3892.45,69921.85,2703.45,0,0,0,0.00,0,F1,25,,,,,
2026-06-01,2026-06-01,FO,NSE,IDO,64709,,NIFTYNXT50,,2026-07-28,2026-07-28,71000.00,CE,NIFTYNXT5026JUL71000CE,0.00,0.00,0.00,3531.55,0.00,3531.55,69921.85,2368.45,0,0,0,0.00,0,F1,25,,,,,
2026-06-01,2026-06-01,FO,NSE,IDO,64711,,NIFTYNXT50,,2026-07-28,2026-07-28,71100.00,CE,NIFTYNXT5026JUL71100CE,0.00,0.00,0.00,3481.90,0.00,3481.90,69921.85,2323.10,0,0,0,0.00,0,F1,25,,,,,
2026-06-01,2026-06-01,FO,NSE,IDO,64719,,NIFTYNXT50,,2026-07-28,2026-07-28,71500.00,CE,NIFTYNXT5026JUL71500CE,0.00,0.00,0.00,3287.90,0.00,3287.90,69921.85,2147.75,0,0,0,0.00,0,F1,25,,,,,
2026-06-01,2026-06-01,FO,NSE,IDO,65802,,NIFTYNXT50,,2026-08-25,2026-08-25,81000.00,PE,NIFTYNXT5026AUG81000PE,0.00,0.00,0.00,9527.70,0.00,9527.70,69921.85,10277.50,0,0,0,0.00,0,F1,25,,,,,
2026-06-01,2026-06-01,FO,NSE,IDO,65660,,NIFTYNXT50,,2026-08-25,2026-08-25,80000.00,PE,NIFTYNXT5026AUG80000PE,0.00,0.00,0.00,8690.40,0.00,8690.40,69921.85,9409.30,0,0,0,0.00,0,F1,25,,,,,
2026-06-01,2026-06-01,FO,NSE,IDO,65646,,NIFTYNXT50,,2026-08-25,2026-08-25,79500.00,PE,NIFTYNXT5026AUG79500PE,0.00,0.00,0.00,8281.50,0.00,8281.50,69921.85,8983.75,0,0,0,0.00,0,F1,25,,,,,
2026-06-01,2026-06-01,FO,NSE,IDO,65584,,NIFTYNXT50,,2026-08-25,2026-08-25,78200.00,PE,NIFTYNXT5026AUG78200PE,0.00,0.00,0.00,7252.40,0.00,7252.40,69921.85,7907.75,0,0,0,0.00,0,F1,25,,,,,
2026-06-01,2026-06-01,FO,NSE,IDO,65122,,NIFTYNXT50,,2026-08-25,2026-08-25,73400.00,PE,NIFTYNXT5026AUG73400PE,0.00,0.00,0.00,3981.00,0.00,3981.00,69921.85,4427.40,0,0,0,0.00,0,F1,25,,,,,
2026-06-01,2026-06-01,FO,NSE,IDO,64891,,NIFTYNXT50,,2026-08-25,2026-08-25,70000.00,PE,NIFTYNXT5026AUG70000PE,0.00,0.00,0.00,2282.15,0.00,2282.15,69921.85,2572.25,0,0,0,0.00,0,F1,25,,,,,
2026-06-01,2026-06-01,FO,NSE,IDO,64881,,NIFTYNXT50,,2026-08-25,2026-08-25,69800.00,PE,NIFTYNXT5026AUG69800PE,0.00,0.00,0.00,2199.55,0.00,2199.55,69921.85,2481.00,0,0,0,0.00,0,F1,25,,,,,
2026-06-01,2026-06-01,FO,NSE,IDO,64879,,NIFTYNXT50,,2026-08-25,2026-08-25,69700.00,PE,NIFTYNXT5026AUG69700PE,0.00,0.00,0.00,2159.00,0.00,2159.00,69921.85,2436.10,0,0,0,0.00,0,F1,25,,,,,
2026-06-01,2026-06-01,FO,NSE,IDO,64827,,NIFTYNXT50,,2026-08-25,2026-08-25,69500.00,PE,NIFTYNXT5026AUG69500PE,0.00,0.00,0.00,2079.30,0.00,2079.30,69921.85,2347.90,0,0,0,0.00,0,F1,25,,,,,
2026-06-01,2026-06-01,FO,NSE,IDO,64547,,NIFTYNXT50,,2026-08-25,2026-08-25,67000.00,PE,NIFTYNXT5026AUG67000PE,0.00,0.00,0.00,1245.50,0.00,1245.50,69921.85,1414.00,0,0,0,0.00,0,F1,25,,,,,
2026-06-01,2026-06-01,FO,NSE,IDO,64541,,NIFTYNXT50,,2026-08-25,2026-08-25,66900.00,PE,NIFTYNXT5026AUG66900PE,0.00,0.00,0.00,1218.05,0.00,1218.05,69921.85,1383.00,0,0,0,0.00,0,F1,25,,,,,
2026-06-01,2026-06-01,FO,NSE,IDO,64463,,NIFTYNXT50,,2026-08-25,2026-08-25,65800.00,PE,NIFTYNXT5026AUG65800PE,0.00,0.00,0.00,940.95,0.00,940.95,69921.85,1076.30,0,0,0,0.00,0,F1,25,,,,,
2026-06-01,2026-06-01,FO,NSE,IDO,81130,,NIFTYNXT50,,2026-06-30,2026-06-30,56100.00,CE,NIFTYNXT5026JUN56100CE,0.00,0.00,0.00,5994.65,0.00,5994.65,69921.85,14089.80,0,0,0,0.00,0,F1,25,,,,,
2026-06-01,2026-06-01,FO,NSE,IDO,64365,,NIFTYNXT50,,2026-08-25,2026-08-25,64800.00,PE,NIFTYNXT5026AUG64800PE,0.00,0.00,0.00,732.85,0.00,732.85,69921.85,838.05,0,0,0,0.00,0,F1,25,,,,,
2026-06-01,2026-06-01,FO,NSE,IDO,64340,,NIFTYNXT50,,2026-08-25,2026-08-25,64400.00,PE,NIFTYNXT5026AUG64400PE,0.00,0.00,0.00,660.00,0.00,660.00,69921.85,755.25,0,0,0,0.00,0,F1,25,,,,,
2026-06-01,2026-06-01,FO,NSE,IDO,81735,,NIFTYNXT50,,2026-06-30,2026-06-30,66600.00,CE,NIFTYNXT5026JUN66600CE,0.00,0.00,0.00,952.40,0.00,952.40,69921.85,4142.55,0,0,0,0.00,0,F1,25,,,,,
2026-06-01,2026-06-01,FO,NSE,IDO,81773,,NIFTYNXT50,,2026-06-30,2026-06-30,67300.00,CE,NIFTYNXT5026JUN67300CE,0.00,0.00,0.00,812.45,0.00,812.45,69921.85,3613.75,0,0,0,0.00,0,F1,25,,,,,
2026-06-01,2026-06-01,FO,NSE,IDO,81779,,NIFTYNXT50,,2026-06-30,2026-06-30,67600.00,CE,NIFTYNXT5026JUN67600CE,0.00,0.00,0.00,757.95,0.00,757.95,69921.85,3393.85,0,0,0,0.00,0,F1,25,,,,,
2026-06-01,2026-06-01,FO,NSE,IDO,64307,,NIFTYNXT50,,2026-08-25,2026-08-25,63100.00,PE,NIFTYNXT5026AUG63100PE,0.00,0.00,0.00,460.45,0.00,460.45,69921.85,527.75,0,0,0,0.00,0,F1,25,,,,,
2026-06-01,2026-06-01,FO,NSE,IDO,64951,,NIFTYNXT50,,2026-07-28,2026-07-28,79500.00,PE,NIFTYNXT5026JUL79500PE,0.00,0.00,0.00,8638.50,0.00,8638.50,69921.85,9041.25,0,0,0,0.00,0,F1,25,,,,,
2026-06-01,2026-06-01,FO,NSE,IDO,64921,,NIFTYNXT50,,2026-07-28,2026-07-28,78600.00,PE,NIFTYNXT5026JUL78600PE,0.00,0.00,0.00,7910.70,0.00,7910.70,69921.85,8239.70,0,0,0,0.00,0,F1,25,,,,,
2026-06-01,2026-06-01,FO,NSE,IDO,64865,,NIFTYNXT50,,2026-07-28,2026-07-28,76600.00,PE,NIFTYNXT5026JUL76600PE,0.00,0.00,0.00,6381.70,0.00,6381.70,69921.85,6540.20,0,0,0,0.00,0,F1,25,,,,,
2026-06-01,2026-06-01,FO,NSE,IDO,64850,,NIFTYNXT50,,2026-07-28,2026-07-28,76100.00,PE,NIFTYNXT5026JUL76100PE,0.00,0.00,0.00,6021.50,0.00,6021.50,69921.85,6136.60,0,0,0,0.00,0,F1,25,,,,,
2026-06-01,2026-06-01,FO,NSE,IDO,64734,,NIFTYNXT50,,2026-07-28,2026-07-28,71900.00,PE,NIFTYNXT5026JUL71900PE,0.00,0.00,0.00,3401.40,0.00,3401.40,69921.85,3198.50,0,0,0,0.00,0,F1,25,,,,,
2026-06-01,2026-06-01,FO,NSE,IDO,64716,,NIFTYNXT50,,2026-07-28,2026-07-28,71300.00,PE,NIFTYNXT5026JUL71300PE,0.00,0.00,0.00,3092.00,0.00,3092.00,69921.85,2857.05,0,0,0,0.00,0,F1,25,,,,,
2026-06-01,2026-06-01,FO,NSE,IDO,64714,,NIFTYNXT50,,2026-07-28,2026-07-28,71200.00,PE,NIFTYNXT5026JUL71200PE,0.00,0.00,0.00,3042.15,0.00,3042.15,69921.85,2802.25,0,0,0,0.00,0,F1,25,,,,,
2026-06-01,2026-06-01,FO,NSE,IDO,64706,,NIFTYNXT50,,2026-07-28,2026-07-28,70800.00,PE,NIFTYNXT5026JUL70800PE,0.00,0.00,0.00,2847.65,0.00,2847.65,69921.85,2589.10,0,0,0,0.00,0,F1,25,,,,,
2026-06-01,2026-06-01,FO,NSE,IDO,81800,,NIFTYNXT50,,2026-06-30,2026-06-30,68600.00,CE,NIFTYNXT5026JUN68600CE,0.00,0.00,0.00,597.70,0.00,597.70,69921.85,2723.35,0,0,0,0.00,0,F1,25,,,,,
2026-06-01,2026-06-01,FO,NSE,IDO,81011,,NIFTYNXT50,,2026-06-30,2026-06-30,55400.00,CE,NIFTYNXT5026JUN55400CE,0.00,0.00,0.00,6540.95,0.00,6540.95,69921.85,14786.35,0,0,0,0.00,0,F1,25,,,,,
2026-06-01,2026-06-01,FO,NSE,IDO,81893,,NIFTYNXT50,,2026-06-30,2026-06-30,69500.00,CE,NIFTYNXT5026JUN69500CE,0.00,0.00,0.00,479.00,0.00,479.00,69921.85,2191.95,0,0,0,0.00,0,F1,25,,,,,
2026-06-01,2026-06-01,FO,NSE,IDO,64644,,NIFTYNXT50,,2026-07-28,2026-07-28,68700.00,PE,NIFTYNXT5026JUL68700PE,0.00,0.00,0.00,1951.50,0.00,1951.50,69921.85,1633.00,0,0,0,0.00,0,F1,25,,,,,
2026-06-01,2026-06-01,FO,NSE,IDO,64626,,NIFTYNXT50,,2026-07-28,2026-07-28,67800.00,PE,NIFTYNXT5026JUL67800PE,0.00,0.00,0.00,1631.85,0.00,1631.85,69921.85,1306.20,0,0,0,0.00,0,F1,25,,,,,
2026-06-01,2026-06-01,FO,NSE,IDO,64580,,NIFTYNXT50,,2026-07-28,2026-07-28,65800.00,PE,NIFTYNXT5026JUL65800PE,0.00,0.00,0.00,1054.50,0.00,1054.50,69921.85,748.30,0,0,0,0.00,0,F1,25,,,,,
2026-06-01,2026-06-01,FO,NSE,IDO,64566,,NIFTYNXT50,,2026-07-28,2026-07-28,65100.00,PE,NIFTYNXT5026JUL65100PE,0.00,0.00,0.00,892.15,0.00,892.15,69921.85,602.15,0,0,0,0.00,0,F1,25,,,,,
2026-06-01,2026-06-01,FO,NSE,IDO,64498,,NIFTYNXT50,,2026-07-28,2026-07-28,62500.00,PE,NIFTYNXT5026JUL62500PE,0.00,0.00,0.00,446.05,0.00,446.05,69921.85,239.75,0,0,0,0.00,0,F1,25,,,,,
2026-06-01,2026-06-01,FO,NSE,IDO,64489,,NIFTYNXT50,,2026-07-28,2026-07-28,62200.00,PE,NIFTYNXT5026JUL62200PE,0.00,0.00,0.00,408.50,0.00,408.50,69921.85,212.90,0,0,0,0.00,0,F1,25,,,,,
2026-06-01,2026-06-01,FO,NSE,IDO,41042,,NIFTYNXT50,,2026-06-30,2026-06-30,77600.00,PE,NIFTYNXT5026JUN77600PE,0.00,0.00,0.00,10691.25,0.00,10691.25,69921.85,7434.95,0,0,0,0.00,0,F1,25,,,,,
2026-06-01,2026-06-01,FO,NSE,IDO,41016,,NIFTYNXT50,,2026-06-30,2026-06-30,76900.00,PE,NIFTYNXT5026JUN76900PE,0.00,0.00,0.00,10064.60,0.00,10064.60,69921.85,6784.85,0,0,0,0.00,0,F1,25,,,,,
2026-06-01,2026-06-01,FO,NSE,IDO,82043,,NIFTYNXT50,,2026-06-30,2026-06-30,75000.00,PE,NIFTYNXT5026JUN75000PE,0.00,0.00,0.00,13413.25,0.00,13413.25,69921.85,5100.35,0,0,0,0.00,0,F1,25,,,,,
2026-06-01,2026-06-01,FO,NSE,IDO,82035,,NIFTYNXT50,,2026-06-30,2026-06-30,73500.00,PE,NIFTYNXT5026JUN73500PE,0.00,0.00,0.00,11998.10,0.00,11998.10,69921.85,3888.10,0,0,0,0.00,0,F1,25,,,,,
2026-06-01,2026-06-01,FO,NSE,IDO,82033,,NIFTYNXT50,,2026-06-30,2026-06-30,73000.00,PE,NIFTYNXT5026JUN73000PE,2450.00,2750.00,2000.00,2750.00,2750.00,2362.60,69921.85,3513.40,0,-175,8,15106250.00,8,F1,25,,,,,
2026-06-01,2026-06-01,FO,NSE,IDO,35271,,NIFTYNXT50,,2026-06-30,2026-06-30,72700.00,PE,NIFTYNXT5026JUN72700PE,0.00,0.00,0.00,9849.45,0.00,9849.45,69921.85,3297.35,0,0,0,0.00,0,F1,25,,,,,
2026-06-01,2026-06-01,FO,NSE,IDO,81987,,NIFTYNXT50,,2026-06-30,2026-06-30,71000.00,PE,NIFTYNXT5026JUN71000PE,0.00,0.00,0.00,1150.00,1150.00,1150.00,69921.85,2202.65,25,0,0,0.00,0,F1,25,,,,,
2026-06-01,2026-06-01,FO,NSE,IDO,81985,,NIFTYNXT50,,2026-06-30,2026-06-30,70900.00,PE,NIFTYNXT5026JUN70900PE,0.00,0.00,0.00,9614.85,0.00,9614.85,69921.85,2145.60,0,0,0,0.00,0,F1,25,,,,,
2026-06-01,2026-06-01,FO,NSE,IDO,81890,,NIFTYNXT50,,2026-06-30,2026-06-30,69300.00,PE,NIFTYNXT5026JUN69300PE,0.00,0.00,0.00,8212.30,0.00,8212.30,69921.85,1351.45,0,0,0,0.00,0,F1,25,,,,,
2026-06-01,2026-06-01,FO,NSE,IDO,81797,,NIFTYNXT50,,2026-06-30,2026-06-30,68400.00,PE,NIFTYNXT5026JUN68400PE,0.00,0.00,0.00,7452.20,0.00,7452.20,69921.85,1002.65,0,0,0,0.00,0,F1,25,,,,,
2026-06-01,2026-06-01,FO,NSE,IDO,81782,,NIFTYNXT50,,2026-06-30,2026-06-30,67700.00,PE,NIFTYNXT5026JUN67700PE,0.00,0.00,0.00,6877.95,0.00,6877.95,69921.85,778.30,0,0,0,0.00,0,F1,25,,,,,
2026-06-01,2026-06-01,FO,NSE,IDO,81740,,NIFTYNXT50,,2026-06-30,2026-06-30,66700.00,PE,NIFTYNXT5026JUN66700PE,0.00,0.00,0.00,6086.70,0.00,6086.70,69921.85,524.45,0,0,0,0.00,0,F1,25,,,,,
2026-06-01,2026-06-01,FO,NSE,IDO,81683,,NIFTYNXT50,,2026-06-30,2026-06-30,66000.00,PE,NIFTYNXT5026JUN66000PE,0.00,0.00,0.00,5557.25,0.00,5557.25,69921.85,387.45,0,0,0,0.00,0,F1,25,,,,,
2026-06-01,2026-06-01,FO,NSE,IDO,81900,,NIFTYNXT50,,2026-06-30,2026-06-30,69800.00,CE,NIFTYNXT5026JUN69800CE,0.00,0.00,0.00,444.25,0.00,444.25,69921.85,2030.50,0,0,0,0.00,0,F1,25,,,,,
2026-06-01,2026-06-01,FO,NSE,IDO,82004,,NIFTYNXT50,,2026-06-30,2026-06-30,71900.00,CE,NIFTYNXT5026JUN71900CE,0.00,0.00,0.00,256.40,0.00,256.40,69921.85,1118.55,0,0,0,0.00,0,F1,25,,,,,
2026-06-01,2026-06-01,FO,NSE,IDO,38770,,NIFTYNXT50,,2026-06-30,2026-06-30,74200.00,CE,NIFTYNXT5026JUN74200CE,0.00,0.00,0.00,271.10,0.00,271.10,69921.85,514.10,0,0,0,0.00,0,F1,25,,,,,
2026-06-01,2026-06-01,FO,NSE,IDO,40990,,NIFTYNXT50,,2026-06-30,2026-06-30,75600.00,CE,NIFTYNXT5026JUN75600CE,0.00,0.00,0.00,553.60,0.00,553.60,69921.85,299.75,0,0,0,0.00,0,F1,25,,,,,
2026-06-01,2026-06-01,FO,NSE,IDO,41006,,NIFTYNXT50,,2026-06-30,2026-06-30,76600.00,CE,NIFTYNXT5026JUN76600CE,0.00,0.00,0.00,439.00,0.00,439.00,69921.85,197.70,0,0,0,0.00,0,F1,25,,,,,
2026-06-01,2026-06-01,FO,NSE,IDO,81681,,NIFTYNXT50,,2026-06-30,2026-06-30,65900.00,PE,NIFTYNXT5026JUN65900PE,0.00,0.00,0.00,5482.90,0.00,5482.90,69921.85,370.40,0,0,0,0.00,0,F1,25,,,,,
2026-06-01,2026-06-01,FO,NSE,IDO,81627,,NIFTYNXT50,,2026-06-30,2026-06-30,64400.00,PE,NIFTYNXT5026JUN64400PE,0.00,0.00,0.00,4420.00,0.00,4420.00,69921.85,177.70,0,0,0,0.00,0,F1,25,,,,,
2026-06-01,2026-06-01,FO,NSE,IDO,81417,,NIFTYNXT50,,2026-06-30,2026-06-30,61800.00,PE,NIFTYNXT5026JUN61800PE,0.00,0.00,0.00,2849.90,0.00,2849.90,69921.85,37.35,0,0,0,0.00,0,F1,25,,,,,
2026-06-01,2026-06-01,FO,NSE,IDO,81415,,NIFTYNXT50,,2026-06-30,2026-06-30,61700.00,PE,NIFTYNXT5026JUN61700PE,0.00,0.00,0.00,2796.95,0.00,2796.95,69921.85,34.85,0,0,0,0.00,0,F1,25,,,,,
2026-06-01,2026-06-01,FO,NSE,IDO,81380,,NIFTYNXT50,,2026-06-30,2026-06-30,61300.00,PE,NIFTYNXT5026JUN61300PE,0.00,0.00,0.00,2590.70,0.00,2590.70,69921.85,26.40,0,0,0,0.00,0,F1,25,,,,,
2026-06-01,2026-06-01,FO,NSE,IDO,81352,,NIFTYNXT50,,2026-06-30,2026-06-30,59900.00,PE,NIFTYNXT5026JUN59900PE,0.00,0.00,0.00,1942.05,0.00,1942.05,69921.85,9.15,0,0,0,0.00,0,F1,25,,,,,
2026-06-01,2026-06-01,FO,NSE,IDO,81219,,NIFTYNXT50,,2026-06-30,2026-06-30,56700.00,PE,NIFTYNXT5026JUN56700PE,0.00,0.00,0.00,879.10,0.00,879.10,69921.85,0.50,0,0,0,0.00,0,F1,25,,,,,
2026-06-01,2026-06-01,FO,NSE,IDO,81217,,NIFTYNXT50,,2026-06-30,2026-06-30,56600.00,PE,NIFTYNXT5026JUN56600PE,0.00,0.00,0.00,854.70,0.00,854.70,69921.85,0.45,0,0,0,0.00,0,F1,25,,,,,
2026-06-01,2026-06-01,FO,NSE,IDO,80871,,NIFTYNXT50,,2026-06-30,2026-06-30,52500.00,PE,NIFTYNXT5026JUN52500PE,0.00,0.00,0.00,217.55,0.00,217.55,69921.85,0.00,0,0,0,0.00,0,F1,25,,,,,
2026-06-01,2026-06-01,FO,NSE,IDO,65394,,NIFTYNXT50,,2026-08-25,2026-08-25,76600.00,CE,NIFTYNXT5026AUG76600CE,0.00,0.00,0.00,1537.45,0.00,1537.45,69921.85,1184.15,0,0,0,0.00,0,F1,25,,,,,
2026-06-01,2026-06-01,FO,NSE,IDO,65357,,NIFTYNXT50,,2026-08-25,2026-08-25,75600.00,CE,NIFTYNXT5026AUG75600CE,0.00,0.00,0.00,1826.95,0.00,1826.95,69921.85,1425.30,0,0,0,0.00,0,F1,25,,,,,
2026-06-01,2026-06-01,FO,NSE,IDO,65085,,NIFTYNXT50,,2026-08-25,2026-08-25,72900.00,CE,NIFTYNXT5026AUG72900CE,0.00,0.00,0.00,2818.75,0.00,2818.75,69921.85,2290.05,0,0,0,0.00,0,F1,25,,,,,
2026-06-01,2026-06-01,FO,NSE,IDO,49303,,NIFTYNXT50,,2026-06-30,2026-06-30,78700.00,CE,NIFTYNXT5026JUN78700CE,0.00,0.00,0.00,374.05,0.00,374.05,69921.85,75.90,0,0,0,0.00,0,F1,25,,,,,
2026-06-01,2026-06-01,FO,NSE,IDO,64512,,NIFTYNXT50,,2026-07-28,2026-07-28,63200.00,CE,NIFTYNXT5026JUL63200CE,0.00,0.00,0.00,8819.45,0.00,8819.45,69921.85,7704.40,0,0,0,0.00,0,F1,25,,,,,
2026-06-01,2026-06-01,FO,NSE,IDO,64557,,NIFTYNXT50,,2026-07-28,2026-07-28,64700.00,CE,NIFTYNXT5026JUL64700CE,0.00,0.00,0.00,7605.05,0.00,7605.05,69921.85,6436.20,0,0,0,0.00,0,F1,25,,,,,
2026-06-01,2026-06-01,FO,NSE,IDO,64575,,NIFTYNXT50,,2026-07-28,2026-07-28,65600.00,CE,NIFTYNXT5026JUL65600CE,0.00,0.00,0.00,6916.05,0.00,6916.05,69921.85,5720.90,0,0,0,0.00,0,F1,25,,,,,
2026-06-01,2026-06-01,FO,NSE,IDO,64579,,NIFTYNXT50,,2026-07-28,2026-07-28,65800.00,CE,NIFTYNXT5026JUL65800CE,0.00,0.00,0.00,6767.35,0.00,6767.35,69921.85,5567.20,0,0,0,0.00,0,F1,25,,,,,
2026-06-01,2026-06-01,FO,NSE,IDO,64583,,NIFTYNXT50,,2026-07-28,2026-07-28,66000.00,CE,NIFTYNXT5026JUL66000CE,0.00,0.00,0.00,6622.80,0.00,6622.80,69921.85,5415.50,0,0,0,0.00,0,F1,25,,,,,
2026-06-01,2026-06-01,FO,NSE,IDO,65022,,NIFTYNXT50,,2026-08-25,2026-08-25,72100.00,CE,NIFTYNXT5026AUG72100CE,0.00,0.00,0.00,3176.25,0.00,3176.25,69921.85,2609.35,0,0,0,0.00,0,F1,25,,,,,
2026-06-01,2026-06-01,FO,NSE,IDO,64942,,NIFTYNXT50,,2026-08-25,2026-08-25,70800.00,CE,NIFTYNXT5026AUG70800CE,0.00,0.00,0.00,3822.90,0.00,3822.90,69921.85,3194.65,0,0,0,0.00,0,F1,25,,,,,
2026-06-01,2026-06-01,FO,NSE,IDO,64483,,NIFTYNXT50,,2026-08-25,2026-08-25,66200.00,CE,NIFTYNXT5026AUG66200CE,0.00,0.00,0.00,6758.30,0.00,6758.30,69921.85,5947.20,0,0,0,0.00,0,F1,25,,,,,
2026-06-01,2026-06-01,FO,NSE,IDO,64341,,NIFTYNXT50,,2026-08-25,2026-08-25,64500.00,CE,NIFTYNXT5026AUG64500CE,0.00,0.00,0.00,8075.70,0.00,8075.70,69921.85,7213.50,0,0,0,0.00,0,F1,25,,,,,
2026-06-01,2026-06-01,FO,NSE,IDO,64303,,NIFTYNXT50,,2026-08-25,2026-08-25,63100.00,CE,NIFTYNXT5026AUG63100CE,0.00,0.00,0.00,9237.80,0.00,9237.80,69921.85,8343.85,0,0,0,0.00,0,F1,25,,,,,
2026-06-01,2026-06-01,FO,NSE,IDO,64524,,NIFTYNXT50,,2026-07-28,2026-07-28,63400.00,CE,NIFTYNXT5026JUL63400CE,0.00,0.00,0.00,8653.10,0.00,8653.10,69921.85,7530.45,0,0,0,0.00,0,F1,25,,,,,
2026-06-01,2026-06-01,FO,NSE,IDO,65636,,NIFTYNXT50,,2026-08-25,2026-08-25,79000.00,PE,NIFTYNXT5026AUG79000PE,0.00,0.00,0.00,7879.65,0.00,7879.65,69921.85,8564.50,0,0,0,0.00,0,F1,25,,,,,
2026-06-01,2026-06-01,FO,NSE,IDO,65586,,NIFTYNXT50,,2026-08-25,2026-08-25,78300.00,PE,NIFTYNXT5026AUG78300PE,0.00,0.00,0.00,7329.70,0.00,7329.70,69921.85,7988.85,0,0,0,0.00,0,F1,25,,,,,
2026-06-01,2026-06-01,FO,NSE,IDO,65407,,NIFTYNXT50,,2026-08-25,2026-08-25,77200.00,PE,NIFTYNXT5026AUG77200PE,0.00,0.00,0.00,6499.55,0.00,6499.55,69921.85,7113.65,0,0,0,0.00,0,F1,25,,,,,
2026-06-01,2026-06-01,FO,NSE,IDO,65399,,NIFTYNXT50,,2026-08-25,2026-08-25,76800.00,PE,NIFTYNXT5026AUG76800PE,0.00,0.00,0.00,6204.45,0.00,6204.45,69921.85,6807.80,0,0,0,0.00,0,F1,25,,,,,
2026-06-01,2026-06-01,FO,NSE,IDO,65395,,NIFTYNXT50,,2026-08-25,2026-08-25,76600.00,PE,NIFTYNXT5026AUG76600PE,0.00,0.00,0.00,6060.65,0.00,6060.65,69921.85,6655.35,0,0,0,0.00,0,F1,25,,,,,
2026-06-01,2026-06-01,FO,NSE,IDO,65360,,NIFTYNXT50,,2026-08-25,2026-08-25,75700.00,PE,NIFTYNXT5026AUG75700PE,0.00,0.00,0.00,5432.75,0.00,5432.75,69921.85,5984.50,0,0,0,0.00,0,F1,25,,,,,
2026-06-01,2026-06-01,FO,NSE,IDO,65001,,NIFTYNXT50,,2026-08-25,2026-08-25,71500.00,PE,NIFTYNXT5026AUG71500PE,0.00,0.00,0.00,2963.30,0.00,2963.30,69921.85,3320.65,0,0,0,0.00,0,F1,25,,,,,
2026-06-01,2026-06-01,FO,NSE,IDO,64684,,NIFTYNXT50,,2026-08-25,2026-08-25,67800.00,PE,NIFTYNXT5026AUG67800PE,0.00,0.00,0.00,1478.80,0.00,1478.80,69921.85,1679.30,0,0,0,0.00,0,F1,25,,,,,
2026-06-01,2026-06-01,FO,NSE,IDO,64613,,NIFTYNXT50,,2026-08-25,2026-08-25,67100.00,PE,NIFTYNXT5026AUG67100PE,0.00,0.00,0.00,1273.35,0.00,1273.35,69921.85,1445.50,0,0,0,0.00,0,F1,25,,,,,
2026-06-01,2026-06-01,FO,NSE,IDO,64313,,NIFTYNXT50,,2026-08-25,2026-08-25,63400.00,PE,NIFTYNXT5026AUG63400PE,0.00,0.00,0.00,501.75,0.00,501.75,69921.85,574.90,0,0,0,0.00,0,F1,25,,,,,
2026-06-01,2026-06-01,FO,NSE,IDO,64300,,NIFTYNXT50,,2026-08-25,2026-08-25,62900.00,PE,NIFTYNXT5026AUG62900PE,0.00,0.00,0.00,434.45,0.00,434.45,69921.85,498.00,0,0,0,0.00,0,F1,25,,,,,
2026-06-01,2026-06-01,FO,NSE,IDO,64867,,NIFTYNXT50,,2026-07-28,2026-07-28,76700.00,PE,NIFTYNXT5026JUL76700PE,0.00,0.00,0.00,6454.85,0.00,6454.85,69921.85,6622.05,0,0,0,0.00,0,F1,25,,,,,
2026-06-01,2026-06-01,FO,NSE,IDO,64848,,NIFTYNXT50,,2026-07-28,2026-07-28,76000.00,PE,NIFTYNXT5026JUL76000PE,0.00,0.00,0.00,5950.60,0.00,5950.60,69921.85,6057.00,0,0,0,0.00,0,F1,25,,,,,
2026-06-01,2026-06-01,FO,NSE,IDO,64818,,NIFTYNXT50,,2026-07-28,2026-07-28,74700.00,PE,NIFTYNXT5026JUL74700PE,0.00,0.00,0.00,5064.40,0.00,5064.40,69921.85,5059.85,0,0,0,0.00,0,F1,25,,,,,
2026-06-01,2026-06-01,FO,NSE,IDO,64810,,NIFTYNXT50,,2026-07-28,2026-07-28,74300.00,PE,NIFTYNXT5026JUL74300PE,0.00,0.00,0.00,4805.60,0.00,4805.60,69921.85,4768.90,0,0,0,0.00,0,F1,25,,,,,
2026-06-01,2026-06-01,FO,NSE,IDO,64764,,NIFTYNXT50,,2026-07-28,2026-07-28,72900.00,PE,NIFTYNXT5026JUL72900PE,0.00,0.00,0.00,3954.70,0.00,3954.70,69921.85,3814.45,0,0,0,0.00,0,F1,25,,,,,
2026-06-01,2026-06-01,FO,NSE,IDO,64756,,NIFTYNXT50,,2026-07-28,2026-07-28,72500.00,PE,NIFTYNXT5026JUL72500PE,0.00,0.00,0.00,3727.80,0.00,3727.80,69921.85,3561.20,0,0,0,0.00,0,F1,25,,,,,
2026-06-01,2026-06-01,FO,NSE,IDO,64742,,NIFTYNXT50,,2026-07-28,2026-07-28,72200.00,PE,NIFTYNXT5026JUL72200PE,0.00,0.00,0.00,3562.50,0.00,3562.50,69921.85,3377.20,0,0,0,0.00,0,F1,25,,,,,
2026-06-01,2026-06-01,FO,NSE,IDO,64710,,NIFTYNXT50,,2026-07-28,2026-07-28,71000.00,PE,NIFTYNXT5026JUL71000PE,0.00,0.00,0.00,2944.05,0.00,2944.05,69921.85,2694.45,0,0,0,0.00,0,F1,25,,,,,
2026-06-01,2026-06-01,FO,NSE,IDO,64680,,NIFTYNXT50,,2026-07-28,2026-07-28,70000.00,PE,NIFTYNXT5026JUL70000PE,0.00,0.00,0.00,2481.20,0.00,2481.20,69921.85,2192.75,0,0,0,0.00,0,F1,25,,,,,
2026-06-01,2026-06-01,FO,NSE,IDO,64652,,NIFTYNXT50,,2026-07-28,2026-07-28,69100.00,PE,NIFTYNXT5026JUL69100PE,0.00,0.00,0.00,2105.85,0.00,2105.85,69921.85,1794.10,0,0,0,0.00,0,F1,25,,,,,
2026-06-01,2026-06-01,FO,NSE,IDO,64632,,NIFTYNXT50,,2026-07-28,2026-07-28,68100.00,PE,NIFTYNXT5026JUL68100PE,0.00,0.00,0.00,1734.20,0.00,1734.20,69921.85,1409.70,0,0,0,0.00,0,F1,25,,,,,
2026-06-01,2026-06-01,FO,NSE,IDO,64584,,NIFTYNXT50,,2026-07-28,2026-07-28,66000.00,PE,NIFTYNXT5026JUL66000PE,0.00,0.00,0.00,1107.05,0.00,1107.05,69921.85,794.45,0,0,0,0.00,0,F1,25,,,,,
2026-06-01,2026-06-01,FO,NSE,IDO,64544,,NIFTYNXT50,,2026-07-28,2026-07-28,64100.00,PE,NIFTYNXT5026JUL64100PE,0.00,0.00,0.00,692.95,0.00,692.95,69921.85,432.00,0,0,0,0.00,0,F1,25,,,,,
2026-06-01,2026-06-01,FO,NSE,IDO,64542,,NIFTYNXT50,,2026-07-28,2026-07-28,64000.00,PE,NIFTYNXT5026JUL64000PE,0.00,0.00,0.00,675.00,0.00,675.00,69921.85,417.25,0,0,0,0.00,0,F1,25,,,,,
2026-06-01,2026-06-01,FO,NSE,IDO,64482,,NIFTYNXT50,,2026-07-28,2026-07-28,62100.00,PE,NIFTYNXT5026JUL62100PE,0.00,0.00,0.00,396.55,0.00,396.55,69921.85,204.55,0,0,0,0.00,0,F1,25,,,,,
2026-06-01,2026-06-01,FO,NSE,IDO,41044,,NIFTYNXT50,,2026-06-30,2026-06-30,77700.00,PE,NIFTYNXT5026JUN77700PE,0.00,0.00,0.00,10781.50,0.00,10781.50,69921.85,7528.80,0,0,0,0.00,0,F1,25,,,,,
2026-06-01,2026-06-01,FO,NSE,IDO,42134,,NIFTYNXT50,,2026-06-30,2026-06-30,75200.00,PE,NIFTYNXT5026JUN75200PE,0.00,0.00,0.00,11173.35,0.00,11173.35,69921.85,5270.85,0,0,0,0.00,0,F1,25,,,,,
2026-06-01,2026-06-01,FO,NSE,IDO,81973,,NIFTYNXT50,,2026-06-30,2026-06-30,70300.00,PE,NIFTYNXT5026JUN70300PE,0.00,0.00,0.00,9082.00,0.00,9082.00,69921.85,1821.45,0,0,0,0.00,0,F1,25,,,,,
2026-06-01,2026-06-01,FO,NSE,IDO,81899,,NIFTYNXT50,,2026-06-30,2026-06-30,69700.00,PE,NIFTYNXT5026JUN69700PE,0.00,0.00,0.00,8557.25,0.00,8557.25,69921.85,1529.05,0,0,0,0.00,0,F1,25,,,,,
2026-06-01,2026-06-01,FO,NSE,IDO,81723,,NIFTYNXT50,,2026-06-30,2026-06-30,66300.00,PE,NIFTYNXT5026JUN66300PE,0.00,0.00,0.00,5782.90,0.00,5782.90,69921.85,442.35,0,0,0,0.00,0,F1,25,,,,,
2026-06-01,2026-06-01,FO,NSE,IDO,81659,,NIFTYNXT50,,2026-06-30,2026-06-30,65000.00,PE,NIFTYNXT5026JUN65000PE,0.00,0.00,0.00,4831.60,0.00,4831.60,69921.85,241.65,0,0,0,0.00,0,F1,25,,,,,
2026-06-01,2026-06-01,FO,NSE,IDO,81564,,NIFTYNXT50,,2026-06-30,2026-06-30,63400.00,PE,NIFTYNXT5026JUN63400PE,0.00,0.00,0.00,3773.55,0.00,3773.55,69921.85,102.10,0,0,0,0.00,0,F1,25,,,,,
2026-06-01,2026-06-01,FO,NSE,IDO,81550,,NIFTYNXT50,,2026-06-30,2026-06-30,63200.00,PE,NIFTYNXT5026JUN63200PE,0.00,0.00,0.00,3650.45,0.00,3650.45,69921.85,90.75,0,0,0,0.00,0,F1,25,,,,,
2026-06-01,2026-06-01,FO,NSE,IDO,81396,,NIFTYNXT50,,2026-06-30,2026-06-30,61600.00,PE,NIFTYNXT5026JUN61600PE,0.00,0.00,0.00,2744.50,0.00,2744.50,69921.85,32.55,0,0,0,0.00,0,F1,25,,,,,
2026-06-01,2026-06-01,FO,NSE,IDO,81360,,NIFTYNXT50,,2026-06-30,2026-06-30,60300.00,PE,NIFTYNXT5026JUN60300PE,0.00,0.00,0.00,2115.80,0.00,2115.80,69921.85,12.55,0,0,0,0.00,0,F1,25,,,,,
2026-06-01,2026-06-01,FO,NSE,IDO,81295,,NIFTYNXT50,,2026-06-30,2026-06-30,58500.00,PE,NIFTYNXT5026JUN58500PE,0.00,0.00,0.00,1406.65,0.00,1406.65,69921.85,2.80,0,0,0,0.00,0,F1,25,,,,,
2026-06-01,2026-06-01,FO,NSE,IDO,81266,,NIFTYNXT50,,2026-06-30,2026-06-30,58000.00,PE,NIFTYNXT5026JUN58000PE,0.00,0.00,0.00,1242.30,0.00,1242.30,69921.85,1.75,0,0,0,0.00,0,F1,25,,,,,
2026-06-01,2026-06-01,FO,NSE,IDO,81227,,NIFTYNXT50,,2026-06-30,2026-06-30,57100.00,PE,NIFTYNXT5026JUN57100PE,0.00,0.00,0.00,983.60,0.00,983.60,69921.85,0.75,0,0,0,0.00,0,F1,25,,,,,
2026-06-01,2026-06-01,FO,NSE,IDO,81225,,NIFTYNXT50,,2026-06-30,2026-06-30,57000.00,PE,NIFTYNXT5026JUN57000PE,0.00,0.00,0.00,957.30,0.00,957.30,69921.85,0.65,0,0,0,0.00,0,F1,25,,,,,
2026-06-01,2026-06-01,FO,NSE,IDO,80949,,NIFTYNXT50,,2026-06-30,2026-06-30,54100.00,PE,NIFTYNXT5026JUN54100PE,0.00,0.00,0.00,391.25,0.00,391.25,69921.85,0.05,0,0,0,0.00,0,F1,25,,,,,
2026-06-01,2026-06-01,FO,NSE,IDO,65645,,NIFTYNXT50,,2026-08-25,2026-08-25,79500.00,CE,NIFTYNXT5026AUG79500CE,0.00,0.00,0.00,901.10,0.00,901.10,69921.85,658.25,0,0,0,0.00,0,F1,25,,,,,
2026-06-01,2026-06-01,FO,NSE,IDO,65605,,NIFTYNXT50,,2026-08-25,2026-08-25,78500.00,CE,NIFTYNXT5026AUG78500CE,0.00,0.00,0.00,1090.15,0.00,1090.15,69921.85,810.65,0,0,0,0.00,0,F1,25,,,,,
2026-06-01,2026-06-01,FO,NSE,IDO,65517,,NIFTYNXT50,,2026-08-25,2026-08-25,78200.00,CE,NIFTYNXT5026AUG78200CE,0.00,0.00,0.00,1152.80,0.00,1152.80,69921.85,861.75,0,0,0,0.00,0,F1,25,,,,,
2026-06-01,2026-06-01,FO,NSE,IDO,65382,,NIFTYNXT50,,2026-08-25,2026-08-25,76100.00,CE,NIFTYNXT5026AUG76100CE,0.00,0.00,0.00,1677.30,0.00,1677.30,69921.85,1301.35,0,0,0,0.00,0,F1,25,,,,,
2026-06-01,2026-06-01,FO,NSE,IDO,65363,,NIFTYNXT50,,2026-08-25,2026-08-25,75900.00,CE,NIFTYNXT5026AUG75900CE,0.00,0.00,0.00,1735.95,0.00,1735.95,69921.85,1347.85,0,0,0,0.00,0,F1,25,,,,,
2026-06-01,2026-06-01,FO,NSE,IDO,65217,,NIFTYNXT50,,2026-08-25,2026-08-25,74500.00,CE,NIFTYNXT5026AUG74500CE,0.00,0.00,0.00,2192.45,0.00,2192.45,69921.85,1739.90,0,0,0,0.00,0,F1,25,,,,,
2026-06-01,2026-06-01,FO,NSE,IDO,65081,,NIFTYNXT50,,2026-08-25,2026-08-25,72700.00,CE,NIFTYNXT5026AUG72700CE,0.00,0.00,0.00,2905.30,0.00,2905.30,69921.85,2367.05,0,0,0,0.00,0,F1,25,,,,,
2026-06-01,2026-06-01,FO,NSE,IDO,64320,,NIFTYNXT50,,2026-08-25,2026-08-25,63800.00,CE,NIFTYNXT5026AUG63800CE,0.00,0.00,0.00,8648.80,0.00,8648.80,69921.85,7769.75,0,0,0,0.00,0,F1,25,,,,,
2026-06-01,2026-06-01,FO,NSE,IDO,64918,,NIFTYNXT50,,2026-07-28,2026-07-28,78500.00,CE,NIFTYNXT5026JUL78500CE,0.00,0.00,0.00,1026.45,0.00,1026.45,69921.85,405.40,0,0,0,0.00,0,F1,25,,,,,
2026-06-01,2026-06-01,FO,NSE,IDO,64872,,NIFTYNXT50,,2026-07-28,2026-07-28,77000.00,CE,NIFTYNXT5026JUL77000CE,0.00,0.00,0.00,1353.45,0.00,1353.45,69921.85,607.35,0,0,0,0.00,0,F1,25,,,,,
2026-06-01,2026-06-01,FO,NSE,IDO,64855,,NIFTYNXT50,,2026-07-28,2026-07-28,76300.00,CE,NIFTYNXT5026JUL76300CE,0.00,0.00,0.00,1528.05,0.00,1528.05,69921.85,727.05,0,0,0,0.00,0,F1,25,,,,,
2026-06-01,2026-06-01,FO,NSE,IDO,64847,,NIFTYNXT50,,2026-07-28,2026-07-28,76000.00,CE,NIFTYNXT5026JUL76000CE,0.00,0.00,0.00,1609.90,0.00,1609.90,69921.85,784.00,0,0,0,0.00,0,F1,25,,,,,
2026-06-01,2026-06-01,FO,NSE,IDO,64833,,NIFTYNXT50,,2026-07-28,2026-07-28,75400.00,CE,NIFTYNXT5026JUL75400CE,0.00,0.00,0.00,1783.85,0.00,1783.85,69921.85,908.80,0,0,0,0.00,0,F1,25,,,,,
2026-06-01,2026-06-01,FO,NSE,IDO,64813,,NIFTYNXT50,,2026-07-28,2026-07-28,74500.00,CE,NIFTYNXT5026JUL74500CE,0.00,0.00,0.00,2071.90,0.00,2071.90,69921.85,1124.50,0,0,0,0.00,0,F1,25,,,,,
2026-06-01,2026-06-01,FO,NSE,IDO,64793,,NIFTYNXT50,,2026-07-28,2026-07-28,74200.00,CE,NIFTYNXT5026JUL74200CE,0.00,0.00,0.00,2175.40,0.00,2175.40,69921.85,1205.30,0,0,0,0.00,0,F1,25,,,,,
2026-06-01,2026-06-01,FO,NSE,IDO,64771,,NIFTYNXT50,,2026-07-28,2026-07-28,73300.00,CE,NIFTYNXT5026JUL73300CE,0.00,0.00,0.00,2509.40,0.00,2509.40,69921.85,1474.95,0,0,0,0.00,0,F1,25,,,,,
2026-06-01,2026-06-01,FO,NSE,IDO,64763,,NIFTYNXT50,,2026-07-28,2026-07-28,72900.00,CE,NIFTYNXT5026JUL72900CE,0.00,0.00,0.00,2669.45,0.00,2669.45,69921.85,1608.55,0,0,0,0.00,0,F1,25,,,,,
2026-06-01,2026-06-01,FO,NSE,IDO,64697,,NIFTYNXT50,,2026-07-28,2026-07-28,70400.00,CE,NIFTYNXT5026JUL70400CE,0.00,0.00,0.00,3839.40,0.00,3839.40,69921.85,2653.50,0,0,0,0.00,0,F1,25,,,,,
2026-06-01,2026-06-01,FO,NSE,IDO,64651,,NIFTYNXT50,,2026-07-28,2026-07-28,69100.00,CE,NIFTYNXT5026JUL69100CE,0.00,0.00,0.00,4566.05,0.00,4566.05,69921.85,3347.95,0,0,0,0.00,0,F1,25,,,,,
2026-06-01,2026-06-01,FO,NSE,IDO,64649,,NIFTYNXT50,,2026-07-28,2026-07-28,69000.00,CE,NIFTYNXT5026JUL69000CE,0.00,0.00,0.00,4625.30,0.00,4625.30,69921.85,3405.70,0,0,0,0.00,0,F1,25,,,,,
2026-06-01,2026-06-01,FO,NSE,IDO,64643,,NIFTYNXT50,,2026-07-28,2026-07-28,68700.00,CE,NIFTYNXT5026JUL68700CE,0.00,0.00,0.00,4805.95,0.00,4805.95,69921.85,3582.65,0,0,0,0.00,0,F1,25,,,,,
2026-06-01,2026-06-01,FO,NSE,IDO,64599,,NIFTYNXT50,,2026-07-28,2026-07-28,66800.00,CE,NIFTYNXT5026JUL66800CE,0.00,0.00,0.00,6047.65,0.00,6047.65,69921.85,4831.50,0,0,0,0.00,0,F1,25,,,,,
2026-06-01,2026-06-01,FO,NSE,IDO,64595,,NIFTYNXT50,,2026-07-28,2026-07-28,66600.00,CE,NIFTYNXT5026JUL66600CE,0.00,0.00,0.00,6190.95,0.00,6190.95,69921.85,4975.05,0,0,0,0.00,0,F1,25,,,,,
2026-06-01,2026-06-01,FO,NSE,IDO,64561,,NIFTYNXT50,,2026-07-28,2026-07-28,64900.00,CE,NIFTYNXT5026JUL64900CE,0.00,0.00,0.00,7449.20,0.00,7449.20,69921.85,6274.00,0,0,0,0.00,0,F1,25,,,,,
2026-06-01,2026-06-01,FO,NSE,IDO,64555,,NIFTYNXT50,,2026-07-28,2026-07-28,64600.00,CE,NIFTYNXT5026JUL64600CE,0.00,0.00,0.00,7683.50,0.00,7683.50,69921.85,6517.90,0,0,0,0.00,0,F1,25,,,,,
2026-06-01,2026-06-01,FO,NSE,IDO,64545,,NIFTYNXT50,,2026-07-28,2026-07-28,64200.00,CE,NIFTYNXT5026JUL64200CE,0.00,0.00,0.00,8001.10,0.00,8001.10,69921.85,6849.10,0,0,0,0.00,0,F1,25,,,,,
2026-06-01,2026-06-01,FO,NSE,IDO,82123,,NIFTYNXT50,,2026-06-30,2026-06-30,80500.00,CE,NIFTYNXT5026JUN80500CE,0.00,0.00,0.00,18.75,0.00,18.75,69921.85,30.60,0,0,0,0.00,0,F1,25,,,,,
2026-06-01,2026-06-01,FO,NSE,IDO,41041,,NIFTYNXT50,,2026-06-30,2026-06-30,77600.00,CE,NIFTYNXT5026JUN77600CE,0.00,0.00,0.00,345.55,0.00,345.55,69921.85,127.10,0,0,0,0.00,0,F1,25,,,,,
2026-06-01,2026-06-01,FO,NSE,IDO,38784,,NIFTYNXT50,,2026-06-30,2026-06-30,74800.00,CE,NIFTYNXT5026JUN74800CE,0.00,0.00,0.00,230.55,0.00,230.55,69921.85,410.50,0,0,0,0.00,0,F1,25,,,,,
2026-06-01,2026-06-01,FO,NSE,IDO,38776,,NIFTYNXT50,,2026-06-30,2026-06-30,74400.00,CE,NIFTYNXT5026JUN74400CE,0.00,0.00,0.00,256.90,0.00,256.90,69921.85,477.45,0,0,0,0.00,0,F1,25,,,,,
2026-06-01,2026-06-01,FO,NSE,IDO,38766,,NIFTYNXT50,,2026-06-30,2026-06-30,74100.00,CE,NIFTYNXT5026JUN74100CE,0.00,0.00,0.00,278.40,0.00,278.40,69921.85,533.25,0,0,0,0.00,0,F1,25,,,,,
2026-06-01,2026-06-01,FO,NSE,IDO,82030,,NIFTYNXT50,,2026-06-30,2026-06-30,72500.00,CE,NIFTYNXT5026JUN72500CE,805.00,805.00,609.50,609.50,609.50,217.65,69921.85,609.50,0,0,2,3660362.50,2,F1,25,,,,,
2026-06-01,2026-06-01,FO,NSE,IDO,81908,,NIFTYNXT50,,2026-06-30,2026-06-30,69900.00,CE,NIFTYNXT5026JUN69900CE,0.00,0.00,0.00,433.15,0.00,433.15,69921.85,1978.45,0,0,0,0.00,0,F1,25,,,,,
2026-06-01,2026-06-01,FO,NSE,IDO,81814,,NIFTYNXT50,,2026-06-30,2026-06-30,69100.00,CE,NIFTYNXT5026JUN69100CE,0.00,0.00,0.00,529.00,0.00,529.00,69921.85,2419.50,0,0,0,0.00,0,F1,25,,,,,
2026-06-01,2026-06-01,FO,NSE,IDO,81803,,NIFTYNXT50,,2026-06-30,2026-06-30,68700.00,CE,NIFTYNXT5026JUN68700CE,0.00,0.00,0.00,583.40,0.00,583.40,69921.85,2660.90,0,0,0,0.00,0,F1,25,,,,,
2026-06-01,2026-06-01,FO,NSE,IDO,81794,,NIFTYNXT50,,2026-06-30,2026-06-30,68300.00,CE,NIFTYNXT5026JUN68300CE,0.00,0.00,0.00,642.45,0.00,642.45,69921.85,2915.90,0,0,0,0.00,0,F1,25,,,,,
2026-06-01,2026-06-01,FO,NSE,IDO,81674,,NIFTYNXT50,,2026-06-30,2026-06-30,65800.00,CE,NIFTYNXT5026JUN65800CE,0.00,0.00,0.00,1137.45,0.00,1137.45,69921.85,4789.70,0,0,0,0.00,0,F1,25,,,,,
2026-06-01,2026-06-01,FO,NSE,IDO,81656,,NIFTYNXT50,,2026-06-30,2026-06-30,64900.00,CE,NIFTYNXT5026JUN64900CE,0.00,0.00,0.00,1374.15,0.00,1374.15,69921.85,5561.40,0,0,0,0.00,0,F1,25,,,,,
2026-06-01,2026-06-01,FO,NSE,IDO,81632,,NIFTYNXT50,,2026-06-30,2026-06-30,64700.00,CE,NIFTYNXT5026JUN64700CE,0.00,0.00,0.00,1432.40,0.00,1432.40,69921.85,5738.25,0,0,0,0.00,0,F1,25,,,,,
2026-06-01,2026-06-01,FO,NSE,IDO,81567,,NIFTYNXT50,,2026-06-30,2026-06-30,63600.00,CE,NIFTYNXT5026JUN63600CE,0.00,0.00,0.00,1787.80,0.00,1787.80,69921.85,6739.90,0,0,0,0.00,0,F1,25,,,,,
2026-06-01,2026-06-01,FO,NSE,IDO,81543,,NIFTYNXT50,,2026-06-30,2026-06-30,63000.00,CE,NIFTYNXT5026JUN63000CE,0.00,0.00,0.00,2007.85,0.00,2007.85,69921.85,7302.95,0,0,0,0.00,0,F1,25,,,,,
2026-06-01,2026-06-01,FO,NSE,IDO,81503,,NIFTYNXT50,,2026-06-30,2026-06-30,62400.00,CE,NIFTYNXT5026JUN62400CE,0.00,0.00,0.00,2247.30,0.00,2247.30,69921.85,7875.00,0,0,0,0.00,0,F1,25,,,,,
2026-06-01,2026-06-01,FO,NSE,IDO,81499,,NIFTYNXT50,,2026-06-30,2026-06-30,62200.00,CE,NIFTYNXT5026JUN62200CE,0.00,0.00,0.00,2331.50,0.00,2331.50,69921.85,8067.35,0,0,0,0.00,0,F1,25,,,,,
2026-06-01,2026-06-01,FO,NSE,IDO,81497,,NIFTYNXT50,,2026-06-30,2026-06-30,62100.00,CE,NIFTYNXT5026JUN62100CE,0.00,0.00,0.00,2374.50,0.00,2374.50,69921.85,8163.80,0,0,0,0.00,0,F1,25,,,,,
2026-06-01,2026-06-01,FO,NSE,IDO,81367,,NIFTYNXT50,,2026-06-30,2026-06-30,60700.00,CE,NIFTYNXT5026JUN60700CE,0.00,0.00,0.00,3036.00,0.00,3036.00,69921.85,9528.55,0,0,0,0.00,0,F1,25,,,,,
2026-06-01,2026-06-01,FO,NSE,IDO,81347,,NIFTYNXT50,,2026-06-30,2026-06-30,59900.00,CE,NIFTYNXT5026JUN59900CE,0.00,0.00,0.00,3464.85,0.00,3464.85,69921.85,10316.85,0,0,0,0.00,0,F1,25,,,,,
2026-06-01,2026-06-01,FO,NSE,IDO,81331,,NIFTYNXT50,,2026-06-30,2026-06-30,59300.00,CE,NIFTYNXT5026JUN59300CE,0.00,0.00,0.00,3810.85,0.00,3810.85,69921.85,10910.40,0,0,0,0.00,0,F1,25,,,,,
2026-06-01,2026-06-01,FO,NSE,IDO,81282,,NIFTYNXT50,,2026-06-30,2026-06-30,58300.00,CE,NIFTYNXT5026JUN58300CE,0.00,0.00,0.00,4433.35,0.00,4433.35,69921.85,11902.35,0,0,0,0.00,0,F1,25,,,,,
2026-06-01,2026-06-01,FO,NSE,IDO,81262,,NIFTYNXT50,,2026-06-30,2026-06-30,58000.00,CE,NIFTYNXT5026JUN58000CE,0.00,0.00,0.00,4631.05,0.00,4631.05,69921.85,12200.35,0,0,0,0.00,0,F1,25,,,,,
2026-06-01,2026-06-01,FO,NSE,IDO,81024,,NIFTYNXT50,,2026-06-30,2026-06-30,55900.00,CE,NIFTYNXT5026JUN55900CE,0.00,0.00,0.00,6148.45,0.00,6148.45,69921.85,14288.80,0,0,0,0.00,0,F1,25,,,,,
2026-06-01,2026-06-01,FO,NSE,IDO,81015,,NIFTYNXT50,,2026-06-30,2026-06-30,55600.00,CE,NIFTYNXT5026JUN55600CE,0.00,0.00,0.00,6382.60,0.00,6382.60,69921.85,14587.30,0,0,0,0.00,0,F1,25,,,,,
2026-06-01,2026-06-01,FO,NSE,IDO,64536,,NIFTYNXT50,,2026-07-28,2026-07-28,63800.00,PE,NIFTYNXT5026JUL63800PE,0.00,0.00,0.00,640.25,0.00,640.25,69921.85,389.00,0,0,0,0.00,0,F1,25,,,,,
2026-06-01,2026-06-01,FO,NSE,IDO,64496,,NIFTYNXT50,,2026-07-28,2026-07-28,62400.00,PE,NIFTYNXT5026JUL62400PE,0.00,0.00,0.00,433.25,0.00,433.25,69921.85,230.55,0,0,0,0.00,0,F1,25,,,,,
2026-06-01,2026-06-01,FO,NSE,IDO,82126,,NIFTYNXT50,,2026-06-30,2026-06-30,81000.00,PE,NIFTYNXT5026JUN81000PE,0.00,0.00,0.00,19215.10,0.00,19215.10,69921.85,10715.10,0,0,0,0.00,0,F1,25,,,,,
2026-06-01,2026-06-01,FO,NSE,IDO,49306,,NIFTYNXT50,,2026-06-30,2026-06-30,78800.00,PE,NIFTYNXT5026JUN78800PE,0.00,0.00,0.00,10461.70,0.00,10461.70,69921.85,8574.45,0,0,0,0.00,0,F1,25,,,,,
2026-06-01,2026-06-01,FO,NSE,IDO,82101,,NIFTYNXT50,,2026-06-30,2026-06-30,78500.00,PE,NIFTYNXT5026JUN78500PE,0.00,0.00,0.00,16780.15,0.00,16780.15,69921.85,8287.10,0,0,0,0.00,0,F1,25,,,,,
2026-06-01,2026-06-01,FO,NSE,IDO,49300,,NIFTYNXT50,,2026-06-30,2026-06-30,78400.00,PE,NIFTYNXT5026JUN78400PE,0.00,0.00,0.00,10104.00,0.00,10104.00,69921.85,8191.65,0,0,0,0.00,0,F1,25,,,,,
2026-06-01,2026-06-01,FO,NSE,IDO,41050,,NIFTYNXT50,,2026-06-30,2026-06-30,78100.00,PE,NIFTYNXT5026JUN78100PE,0.00,0.00,0.00,11144.30,0.00,11144.30,69921.85,7906.40,0,0,0,0.00,0,F1,25,,,,,
2026-06-01,2026-06-01,FO,NSE,IDO,82049,,NIFTYNXT50,,2026-06-30,2026-06-30,76000.00,PE,NIFTYNXT5026JUN76000PE,0.00,0.00,0.00,14367.75,0.00,14367.75,69921.85,5970.10,0,0,0,0.00,0,F1,25,,,,,
2026-06-01,2026-06-01,FO,NSE,IDO,81971,,NIFTYNXT50,,2026-06-30,2026-06-30,70200.00,PE,NIFTYNXT5026JUN70200PE,0.00,0.00,0.00,8993.95,0.00,8993.95,69921.85,1770.50,0,0,0,0.00,0,F1,25,,,,,
2026-06-01,2026-06-01,FO,NSE,IDO,81799,,NIFTYNXT50,,2026-06-30,2026-06-30,68500.00,PE,NIFTYNXT5026JUN68500PE,0.00,0.00,0.00,7535.50,0.00,7535.50,69921.85,1038.00,0,0,0,0.00,0,F1,25,,,,,
2026-06-01,2026-06-01,FO,NSE,IDO,81700,,NIFTYNXT50,,2026-06-30,2026-06-30,66100.00,PE,NIFTYNXT5026JUN66100PE,0.00,0.00,0.00,5632.05,0.00,5632.05,69921.85,405.15,0,0,0,0.00,0,F1,25,,,,,
2026-06-01,2026-06-01,FO,NSE,IDO,81667,,NIFTYNXT50,,2026-06-30,2026-06-30,65400.00,PE,NIFTYNXT5026JUN65400PE,0.00,0.00,0.00,5115.35,0.00,5115.35,69921.85,293.55,0,0,0,0.00,0,F1,25,,,,,
2026-06-01,2026-06-01,FO,NSE,IDO,81625,,NIFTYNXT50,,2026-06-30,2026-06-30,64300.00,PE,NIFTYNXT5026JUN64300PE,0.00,0.00,0.00,4353.05,0.00,4353.05,69921.85,168.55,0,0,0,0.00,0,F1,25,,,,,
2026-06-01,2026-06-01,FO,NSE,IDO,81284,,NIFTYNXT50,,2026-06-30,2026-06-30,58400.00,CE,NIFTYNXT5026JUN58400CE,0.00,0.00,0.00,4368.60,0.00,4368.60,69921.85,11803.05,0,0,0,0.00,0,F1,25,,,,,
2026-06-01,2026-06-01,FO,NSE,IDO,81296,,NIFTYNXT50,,2026-06-30,2026-06-30,58600.00,CE,NIFTYNXT5026JUN58600CE,0.00,0.00,0.00,4240.70,0.00,4240.70,69921.85,11604.50,0,0,0,0.00,0,F1,25,,,,,
2026-06-01,2026-06-01,FO,NSE,IDO,81341,,NIFTYNXT50,,2026-06-30,2026-06-30,59600.00,CE,NIFTYNXT5026JUN59600CE,0.00,0.00,0.00,3635.25,0.00,3635.25,69921.85,10613.40,0,0,0,0.00,0,F1,25,,,,,
2026-06-01,2026-06-01,FO,NSE,IDO,81355,,NIFTYNXT50,,2026-06-30,2026-06-30,60100.00,CE,NIFTYNXT5026JUN60100CE,0.00,0.00,0.00,3354.15,0.00,3354.15,69921.85,10119.40,0,0,0,0.00,0,F1,25,,,,,
2026-06-01,2026-06-01,FO,NSE,IDO,81373,,NIFTYNXT50,,2026-06-30,2026-06-30,61000.00,CE,NIFTYNXT5026JUN61000CE,0.00,0.00,0.00,2884.80,0.00,2884.80,69921.85,9234.20,0,0,0,0.00,0,F1,25,,,,,
2026-06-01,2026-06-01,FO,NSE,IDO,81395,,NIFTYNXT50,,2026-06-30,2026-06-30,61600.00,CE,NIFTYNXT5026JUN61600CE,0.00,0.00,0.00,2597.75,0.00,2597.75,69921.85,8648.35,0,0,0,0.00,0,F1,25,,,,,
2026-06-01,2026-06-01,FO,NSE,IDO,81680,,NIFTYNXT50,,2026-06-30,2026-06-30,65900.00,CE,NIFTYNXT5026JUN65900CE,0.00,0.00,0.00,1113.15,0.00,1113.15,69921.85,4706.70,0,0,0,0.00,0,F1,25,,,,,
2026-06-01,2026-06-01,FO,NSE,IDO,81724,,NIFTYNXT50,,2026-06-30,2026-06-30,66400.00,CE,NIFTYNXT5026JUN66400CE,0.00,0.00,0.00,998.10,0.00,998.10,69921.85,4300.55,0,0,0,0.00,0,F1,25,,,,,
2026-06-01,2026-06-01,FO,NSE,IDO,81748,,NIFTYNXT50,,2026-06-30,2026-06-30,66900.00,CE,NIFTYNXT5026JUN66900CE,0.00,0.00,0.00,890.20,0.00,890.20,69921.85,3910.65,0,0,0,0.00,0,F1,25,,,,,
2026-06-01,2026-06-01,FO,NSE,IDO,35270,,NIFTYNXT50,,2026-06-30,2026-06-30,72700.00,CE,NIFTYNXT5026JUN72700CE,0.00,0.00,0.00,350.25,0.00,350.25,69921.85,866.05,0,0,0,0.00,0,F1,25,,,,,
2026-06-01,2026-06-01,FO,NSE,IDO,40992,,NIFTYNXT50,,2026-06-30,2026-06-30,75700.00,CE,NIFTYNXT5026JUN75700CE,0.00,0.00,0.00,541.10,0.00,541.10,69921.85,287.85,0,0,0,0.00,0,F1,25,,,,,
2026-06-01,2026-06-01,FO,NSE,IDO,41045,,NIFTYNXT50,,2026-06-30,2026-06-30,77800.00,CE,NIFTYNXT5026JUN77800CE,0.00,0.00,0.00,329.10,0.00,329.10,69921.85,116.00,0,0,0,0.00,0,F1,25,,,,,
2026-06-01,2026-06-01,FO,NSE,IDO,41047,,NIFTYNXT50,,2026-06-30,2026-06-30,77900.00,CE,NIFTYNXT5026JUN77900CE,0.00,0.00,0.00,321.15,0.00,321.15,69921.85,110.75,0,0,0,0.00,0,F1,25,,,,,
2026-06-01,2026-06-01,FO,NSE,IDO,82129,,NIFTYNXT50,,2026-06-30,2026-06-30,82000.00,CE,NIFTYNXT5026JUN82000CE,0.00,0.00,0.00,11.25,0.00,11.25,69921.85,13.50,0,0,0,0.00,0,F1,25,,,,,
2026-06-01,2026-06-01,FO,NSE,IDO,64505,,NIFTYNXT50,,2026-07-28,2026-07-28,62900.00,CE,NIFTYNXT5026JUL62900CE,0.00,0.00,0.00,9071.35,0.00,9071.35,69921.85,7967.95,0,0,0,0.00,0,F1,25,,,,,
2026-06-01,2026-06-01,FO,NSE,IDO,64528,,NIFTYNXT50,,2026-07-28,2026-07-28,63600.00,CE,NIFTYNXT5026JUL63600CE,0.00,0.00,0.00,8488.05,0.00,8488.05,69921.85,7357.85,0,0,0,0.00,0,F1,25,,,,,
2026-06-01,2026-06-01,FO,NSE,IDO,64563,,NIFTYNXT50,,2026-07-28,2026-07-28,65000.00,CE,NIFTYNXT5026JUL65000CE,0.00,0.00,0.00,7371.90,0.00,7371.90,69921.85,6193.60,0,0,0,0.00,0,F1,25,,,,,
2026-06-01,2026-06-01,FO,NSE,IDO,64616,,NIFTYNXT50,,2026-07-28,2026-07-28,67500.00,CE,NIFTYNXT5026JUL67500CE,0.00,0.00,0.00,5570.90,0.00,5570.90,69921.85,4344.95,0,0,0,0.00,0,F1,25,,,,,
2026-06-01,2026-06-01,FO,NSE,IDO,64627,,NIFTYNXT50,,2026-07-28,2026-07-28,67900.00,CE,NIFTYNXT5026JUL67900CE,0.00,0.00,0.00,5308.50,0.00,5308.50,69921.85,4081.30,0,0,0,0.00,0,F1,25,,,,,
2026-06-01,2026-06-01,FO,NSE,IDO,64629,,NIFTYNXT50,,2026-07-28,2026-07-28,68000.00,CE,NIFTYNXT5026JUL68000CE,0.00,0.00,0.00,5244.00,0.00,5244.00,69921.85,4016.85,0,0,0,0.00,0,F1,25,,,,,
2026-06-01,2026-06-01,FO,NSE,IDO,65514,,NIFTYNXT50,,2026-08-25,2026-08-25,78000.00,PE,NIFTYNXT5026AUG78000PE,0.00,0.00,0.00,7101.50,0.00,7101.50,69921.85,7746.45,0,0,0,0.00,0,F1,25,,,,,
2026-06-01,2026-06-01,FO,NSE,IDO,65356,,NIFTYNXT50,,2026-08-25,2026-08-25,75500.00,PE,NIFTYNXT5026AUG75500PE,0.00,0.00,0.00,5297.55,0.00,5297.55,69921.85,5840.45,0,0,0,0.00,0,F1,25,,,,,
2026-06-01,2026-06-01,FO,NSE,IDO,65339,,NIFTYNXT50,,2026-08-25,2026-08-25,75200.00,PE,NIFTYNXT5026AUG75200PE,0.00,0.00,0.00,5097.90,0.00,5097.90,69921.85,5627.30,0,0,0,0.00,0,F1,25,,,,,
2026-06-01,2026-06-01,FO,NSE,IDO,65256,,NIFTYNXT50,,2026-08-25,2026-08-25,74700.00,PE,NIFTYNXT5026AUG74700PE,0.00,0.00,0.00,4773.45,0.00,4773.45,69921.85,5280.15,0,0,0,0.00,0,F1,25,,,,,
2026-06-01,2026-06-01,FO,NSE,IDO,65242,,NIFTYNXT50,,2026-08-25,2026-08-25,74600.00,PE,NIFTYNXT5026AUG74600PE,0.00,0.00,0.00,4709.85,0.00,4709.85,69921.85,5211.95,0,0,0,0.00,0,F1,25,,,,,
2026-06-01,2026-06-01,FO,NSE,IDO,65216,,NIFTYNXT50,,2026-08-25,2026-08-25,74400.00,PE,NIFTYNXT5026AUG74400PE,0.00,0.00,0.00,4583.95,0.00,4583.95,69921.85,5076.85,0,0,0,0.00,0,F1,25,,,,,
2026-06-01,2026-06-01,FO,NSE,IDO,65150,,NIFTYNXT50,,2026-08-25,2026-08-25,73600.00,PE,NIFTYNXT5026AUG73600PE,0.00,0.00,0.00,4098.00,0.00,4098.00,69921.85,4553.70,0,0,0,0.00,0,F1,25,,,,,
2026-06-01,2026-06-01,FO,NSE,IDO,65037,,NIFTYNXT50,,2026-08-25,2026-08-25,72200.00,PE,NIFTYNXT5026AUG72200PE,0.00,0.00,0.00,3318.15,0.00,3318.15,69921.85,3708.30,0,0,0,0.00,0,F1,25,,,,,
2026-06-01,2026-06-01,FO,NSE,IDO,64979,,NIFTYNXT50,,2026-08-25,2026-08-25,71300.00,PE,NIFTYNXT5026AUG71300PE,0.00,0.00,0.00,2866.15,0.00,2866.15,69921.85,3214.35,0,0,0,0.00,0,F1,25,,,,,
2026-06-01,2026-06-01,FO,NSE,IDO,64963,,NIFTYNXT50,,2026-08-25,2026-08-25,71000.00,PE,NIFTYNXT5026AUG71000PE,0.00,0.00,0.00,2724.10,0.00,2724.10,69921.85,3058.55,0,0,0,0.00,0,F1,25,,,,,
2026-06-01,2026-06-01,FO,NSE,IDO,64937,,NIFTYNXT50,,2026-08-25,2026-08-25,70500.00,PE,NIFTYNXT5026AUG70500PE,0.00,0.00,0.00,2497.05,0.00,2497.05,69921.85,2809.25,0,0,0,0.00,0,F1,25,,,,,
2026-06-01,2026-06-01,FO,NSE,IDO,64858,,NIFTYNXT50,,2026-08-25,2026-08-25,69600.00,PE,NIFTYNXT5026AUG69600PE,0.00,0.00,0.00,2118.90,0.00,2118.90,69921.85,2391.75,0,0,0,0.00,0,F1,25,,,,,
2026-06-01,2026-06-01,FO,NSE,IDO,64776,,NIFTYNXT50,,2026-08-25,2026-08-25,68800.00,PE,NIFTYNXT5026AUG68800PE,0.00,0.00,0.00,1815.55,0.00,1815.55,69921.85,2055.05,0,0,0,0.00,0,F1,25,,,,,
2026-06-01,2026-06-01,FO,NSE,IDO,64726,,NIFTYNXT50,,2026-08-25,2026-08-25,68200.00,PE,NIFTYNXT5026AUG68200PE,0.00,0.00,0.00,1607.95,0.00,1607.95,69921.85,1823.65,0,0,0,0.00,0,F1,25,,,,,
2026-06-01,2026-06-01,FO,NSE,IDO,64486,,NIFTYNXT50,,2026-08-25,2026-08-25,66300.00,PE,NIFTYNXT5026AUG66300PE,0.00,0.00,0.00,1059.75,0.00,1059.75,69921.85,1209.85,0,0,0,0.00,0,F1,25,,,,,
2026-06-01,2026-06-01,FO,NSE,IDO,64395,,NIFTYNXT50,,2026-08-25,2026-08-25,65300.00,PE,NIFTYNXT5026AUG65300PE,0.00,0.00,0.00,832.15,0.00,832.15,69921.85,950.70,0,0,0,0.00,0,F1,25,,,,,
2026-06-01,2026-06-01,FO,NSE,IDO,64369,,NIFTYNXT50,,2026-08-25,2026-08-25,65000.00,PE,NIFTYNXT5026AUG65000PE,0.00,0.00,0.00,771.45,0.00,771.45,69921.85,881.85,0,0,0,0.00,0,F1,25,,,,,
2026-06-01,2026-06-01,FO,NSE,IDO,64317,,NIFTYNXT50,,2026-08-25,2026-08-25,63600.00,PE,NIFTYNXT5026AUG63600PE,0.00,0.00,0.00,530.80,0.00,530.80,69921.85,608.05,0,0,0,0.00,0,F1,25,,,,,
2026-06-01,2026-06-01,FO,NSE,IDO,64899,,NIFTYNXT50,,2026-07-28,2026-07-28,77800.00,PE,NIFTYNXT5026JUL77800PE,0.00,0.00,0.00,7283.90,0.00,7283.90,69921.85,7545.05,0,0,0,0.00,0,F1,25,,,,,
2026-06-01,2026-06-01,FO,NSE,IDO,64883,,NIFTYNXT50,,2026-07-28,2026-07-28,77300.00,PE,NIFTYNXT5026JUL77300PE,0.00,0.00,0.00,6904.90,0.00,6904.90,69921.85,7120.55,0,0,0,0.00,0,F1,25,,,,,
2026-06-01,2026-06-01,FO,NSE,IDO,64877,,NIFTYNXT50,,2026-07-28,2026-07-28,77200.00,PE,NIFTYNXT5026JUL77200PE,0.00,0.00,0.00,6829.50,0.00,6829.50,69921.85,7036.60,0,0,0,0.00,0,F1,25,,,,,
2026-06-01,2026-06-01,FO,NSE,IDO,64828,,NIFTYNXT50,,2026-07-28,2026-07-28,75100.00,PE,NIFTYNXT5026JUL75100PE,0.00,0.00,0.00,5329.85,0.00,5329.85,69921.85,5362.00,0,0,0,0.00,0,F1,25,,,,,
2026-06-01,2026-06-01,FO,NSE,IDO,64820,,NIFTYNXT50,,2026-07-28,2026-07-28,74800.00,PE,NIFTYNXT5026JUL74800PE,0.00,0.00,0.00,5130.10,0.00,5130.10,69921.85,5136.95,0,0,0,0.00,0,F1,25,,,,,
2026-06-01,2026-06-01,FO,NSE,IDO,64816,,NIFTYNXT50,,2026-07-28,2026-07-28,74600.00,PE,NIFTYNXT5026JUL74600PE,0.00,0.00,0.00,4999.05,0.00,4999.05,69921.85,4986.40,0,0,0,0.00,0,F1,25,,,,,
2026-06-01,2026-06-01,FO,NSE,IDO,64792,,NIFTYNXT50,,2026-07-28,2026-07-28,74100.00,PE,NIFTYNXT5026JUL74100PE,0.00,0.00,0.00,4678.75,0.00,4678.75,69921.85,4626.35,0,0,0,0.00,0,F1,25,,,,,
2026-06-01,2026-06-01,FO,NSE,IDO,64788,,NIFTYNXT50,,2026-07-28,2026-07-28,73900.00,PE,NIFTYNXT5026JUL73900PE,0.00,0.00,0.00,4553.65,0.00,4553.65,69921.85,4485.80,0,0,0,0.00,0,F1,25,,,,,
2026-06-01,2026-06-01,FO,NSE,IDO,64754,,NIFTYNXT50,,2026-07-28,2026-07-28,72400.00,PE,NIFTYNXT5026JUL72400PE,0.00,0.00,0.00,3672.20,0.00,3672.20,69921.85,3499.30,0,0,0,0.00,0,F1,25,,,,,
2026-06-01,2026-06-01,FO,NSE,IDO,64736,,NIFTYNXT50,,2026-07-28,2026-07-28,72000.00,PE,NIFTYNXT5026JUL72000PE,0.00,0.00,0.00,3454.65,0.00,3454.65,69921.85,3257.50,0,0,0,0.00,0,F1,25,,,,,
2026-06-01,2026-06-01,FO,NSE,IDO,64724,,NIFTYNXT50,,2026-07-28,2026-07-28,71600.00,PE,NIFTYNXT5026JUL71600PE,0.00,0.00,0.00,3244.55,0.00,3244.55,69921.85,3025.05,0,0,0,0.00,0,F1,25,,,,,
2026-06-01,2026-06-01,FO,NSE,IDO,64650,,NIFTYNXT50,,2026-07-28,2026-07-28,69000.00,PE,NIFTYNXT5026JUL69000PE,0.00,0.00,0.00,2066.55,0.00,2066.55,69921.85,1752.90,0,0,0,0.00,0,F1,25,,,,,
2026-06-01,2026-06-01,FO,NSE,IDO,64628,,NIFTYNXT50,,2026-07-28,2026-07-28,67900.00,PE,NIFTYNXT5026JUL67900PE,0.00,0.00,0.00,1665.50,0.00,1665.50,69921.85,1340.10,0,0,0,0.00,0,F1,25,,,,,
2026-06-01,2026-06-01,FO,NSE,IDO,64606,,NIFTYNXT50,,2026-07-28,2026-07-28,67100.00,PE,NIFTYNXT5026JUL67100PE,0.00,0.00,0.00,1409.10,0.00,1409.10,69921.85,1085.20,0,0,0,0.00,0,F1,25,,,,,
2026-06-01,2026-06-01,FO,NSE,IDO,64590,,NIFTYNXT50,,2026-07-28,2026-07-28,66300.00,PE,NIFTYNXT5026JUL66300PE,0.00,0.00,0.00,1184.95,0.00,1184.95,69921.85,870.25,0,0,0,0.00,0,F1,25,,,,,
2026-06-01,2026-06-01,FO,NSE,IDO,64578,,NIFTYNXT50,,2026-07-28,2026-07-28,65700.00,PE,NIFTYNXT5026JUL65700PE,0.00,0.00,0.00,1030.10,0.00,1030.10,69921.85,725.95,0,0,0,0.00,0,F1,25,,,,,
2026-06-01,2026-06-01,FO,NSE,IDO,64558,,NIFTYNXT50,,2026-07-28,2026-07-28,64700.00,PE,NIFTYNXT5026JUL64700PE,0.00,0.00,0.00,808.00,0.00,808.00,69921.85,528.90,0,0,0,0.00,0,F1,25,,,,,
2026-06-01,2026-06-01,FO,NSE,IDO,64550,,NIFTYNXT50,,2026-07-28,2026-07-28,64300.00,PE,NIFTYNXT5026JUL64300PE,0.00,0.00,0.00,729.85,0.00,729.85,69921.85,462.65,0,0,0,0.00,0,F1,25,,,,,
2026-06-01,2026-06-01,FO,NSE,IDO,64529,,NIFTYNXT50,,2026-07-28,2026-07-28,63600.00,PE,NIFTYNXT5026JUL63600PE,0.00,0.00,0.00,606.80,0.00,606.80,69921.85,362.25,0,0,0,0.00,0,F1,25,,,,,
2026-06-01,2026-06-01,FO,NSE,IDO,64504,,NIFTYNXT50,,2026-07-28,2026-07-28,62800.00,PE,NIFTYNXT5026JUL62800PE,0.00,0.00,0.00,486.15,0.00,486.15,69921.85,269.25,0,0,0,0.00,0,F1,25,,,,,
2026-06-01,2026-06-01,FO,NSE,IDO,64491,,NIFTYNXT50,,2026-07-28,2026-07-28,62300.00,PE,NIFTYNXT5026JUL62300PE,0.00,0.00,0.00,420.75,0.00,420.75,69921.85,221.60,0,0,0,0.00,0,F1,25,,,,,
2026-06-01,2026-06-01,FO,NSE,IDO,64392,,NIFTYNXT50,,2026-07-28,2026-07-28,58500.00,PE,NIFTYNXT5026JUL58500PE,0.00,0.00,0.00,118.50,0.00,118.50,69921.85,38.50,0,0,0,0.00,0,F1,25,,,,,
2026-06-01,2026-06-01,FO,NSE,IDO,82130,,NIFTYNXT50,,2026-06-30,2026-06-30,82000.00,PE,NIFTYNXT5026JUN82000PE,0.00,0.00,0.00,20192.60,0.00,20192.60,69921.85,11700.40,0,0,0,0.00,0,F1,25,,,,,
2026-06-01,2026-06-01,FO,NSE,IDO,38783,,NIFTYNXT50,,2026-06-30,2026-06-30,74700.00,PE,NIFTYNXT5026JUN74700PE,0.00,0.00,0.00,10964.30,0.00,10964.30,69921.85,4848.20,0,0,0,0.00,0,F1,25,,,,,
2026-06-01,2026-06-01,FO,NSE,IDO,35274,,NIFTYNXT50,,2026-06-30,2026-06-30,72800.00,PE,NIFTYNXT5026JUN72800PE,0.00,0.00,0.00,9938.85,0.00,9938.85,69921.85,3368.65,0,0,0,0.00,0,F1,25,,,,,
2026-06-01,2026-06-01,FO,NSE,IDO,82003,,NIFTYNXT50,,2026-06-30,2026-06-30,71800.00,PE,NIFTYNXT5026JUN71800PE,0.00,0.00,0.00,10427.50,0.00,10427.50,69921.85,2689.10,0,0,0,0.00,0,F1,25,,,,,
2026-06-01,2026-06-01,FO,NSE,IDO,81997,,NIFTYNXT50,,2026-06-30,2026-06-30,71500.00,PE,NIFTYNXT5026JUN71500PE,0.00,0.00,0.00,1100.00,1100.00,1100.00,69921.85,2500.50,75,0,0,0.00,0,F1,25,,,,,
2026-06-01,2026-06-01,FO,NSE,IDO,81663,,NIFTYNXT50,,2026-06-30,2026-06-30,65200.00,PE,NIFTYNXT5026JUN65200PE,0.00,0.00,0.00,4972.55,0.00,4972.55,69921.85,266.60,0,0,0,0.00,0,F1,25,,,,,
2026-06-01,2026-06-01,FO,NSE,IDO,81629,,NIFTYNXT50,,2026-06-30,2026-06-30,64500.00,PE,NIFTYNXT5026JUN64500PE,0.00,0.00,0.00,4487.40,0.00,4487.40,69921.85,187.30,0,0,0,0.00,0,F1,25,,,,,
2026-06-01,2026-06-01,FO,NSE,IDO,81615,,NIFTYNXT50,,2026-06-30,2026-06-30,63900.00,PE,NIFTYNXT5026JUN63900PE,0.00,0.00,0.00,4090.40,0.00,4090.40,69921.85,135.60,0,0,0,0.00,0,F1,25,,,,,
2026-06-01,2026-06-01,FO,NSE,IDO,81508,,NIFTYNXT50,,2026-06-30,2026-06-30,62600.00,PE,NIFTYNXT5026JUN62600PE,0.00,0.00,0.00,3294.10,0.00,3294.10,69921.85,62.90,0,0,0,0.00,0,F1,25,,,,,
2026-06-01,2026-06-01,FO,NSE,IDO,64633,,NIFTYNXT50,,2026-07-28,2026-07-28,68200.00,CE,NIFTYNXT5026JUL68200CE,0.00,0.00,0.00,5116.50,0.00,5116.50,69921.85,3889.75,0,0,0,0.00,0,F1,25,,,,,
2026-06-01,2026-06-01,FO,NSE,IDO,64635,,NIFTYNXT50,,2026-07-28,2026-07-28,68300.00,CE,NIFTYNXT5026JUL68300CE,0.00,0.00,0.00,5053.45,0.00,5053.45,69921.85,3827.15,0,0,0,0.00,0,F1,25,,,,,
2026-06-01,2026-06-01,FO,NSE,IDO,64659,,NIFTYNXT50,,2026-07-28,2026-07-28,69200.00,CE,NIFTYNXT5026JUL69200CE,0.00,0.00,0.00,4507.30,0.00,4507.30,69921.85,3290.85,0,0,0,0.00,0,F1,25,,,,,
2026-06-01,2026-06-01,FO,NSE,IDO,64674,,NIFTYNXT50,,2026-07-28,2026-07-28,69800.00,CE,NIFTYNXT5026JUL69800CE,0.00,0.00,0.00,4164.65,0.00,4164.65,69921.85,2961.10,0,0,0,0.00,0,F1,25,,,,,
2026-06-01,2026-06-01,FO,NSE,IDO,64679,,NIFTYNXT50,,2026-07-28,2026-07-28,70000.00,CE,NIFTYNXT5026JUL70000CE,0.00,0.00,0.00,4054.35,0.00,4054.35,69921.85,2856.20,0,0,0,0.00,0,F1,25,,,,,
2026-06-01,2026-06-01,FO,NSE,IDO,64699,,NIFTYNXT50,,2026-07-28,2026-07-28,70500.00,CE,NIFTYNXT5026JUL70500CE,0.00,0.00,0.00,3786.90,0.00,3786.90,69921.85,2604.45,0,0,0,0.00,0,F1,25,,,,,
2026-06-01,2026-06-01,FO,NSE,IDO,64735,,NIFTYNXT50,,2026-07-28,2026-07-28,72000.00,CE,NIFTYNXT5026JUL72000CE,0.00,0.00,0.00,3056.50,0.00,3056.50,69921.85,1942.10,0,0,0,0.00,0,F1,25,,,,,
2026-06-01,2026-06-01,FO,NSE,IDO,64739,,NIFTYNXT50,,2026-07-28,2026-07-28,72100.00,CE,NIFTYNXT5026JUL72100CE,0.00,0.00,0.00,3011.60,0.00,3011.60,69921.85,1902.75,0,0,0,0.00,0,F1,25,,,,,
2026-06-01,2026-06-01,FO,NSE,IDO,81354,,NIFTYNXT50,,2026-06-30,2026-06-30,60000.00,PE,NIFTYNXT5026JUN60000PE,0.00,0.00,0.00,1984.60,0.00,1984.60,69921.85,9.95,0,0,0,0.00,0,F1,25,,,,,
2026-06-01,2026-06-01,FO,NSE,IDO,81342,,NIFTYNXT50,,2026-06-30,2026-06-30,59600.00,PE,NIFTYNXT5026JUN59600PE,0.00,0.00,0.00,1817.85,0.00,1817.85,69921.85,7.20,0,0,0,0.00,0,F1,25,,,,,
2026-06-01,2026-06-01,FO,NSE,IDO,81327,,NIFTYNXT50,,2026-06-30,2026-06-30,59100.00,PE,NIFTYNXT5026JUN59100PE,0.00,0.00,0.00,1622.35,0.00,1622.35,69921.85,4.70,0,0,0,0.00,0,F1,25,,,,,
2026-06-01,2026-06-01,FO,NSE,IDO,81289,,NIFTYNXT50,,2026-06-30,2026-06-30,58400.00,PE,NIFTYNXT5026JUN58400PE,0.00,0.00,0.00,1372.65,0.00,1372.65,69921.85,2.55,0,0,0,0.00,0,F1,25,,,,,
2026-06-01,2026-06-01,FO,NSE,IDO,81268,,NIFTYNXT50,,2026-06-30,2026-06-30,58100.00,PE,NIFTYNXT5026JUN58100PE,0.00,0.00,0.00,1274.05,0.00,1274.05,69921.85,1.95,0,0,0,0.00,0,F1,25,,,,,
2026-06-01,2026-06-01,FO,NSE,IDO,81012,,NIFTYNXT50,,2026-06-30,2026-06-30,55400.00,PE,NIFTYNXT5026JUN55400PE,0.00,0.00,0.00,598.75,0.00,598.75,69921.85,0.15,0,0,0,0.00,0,F1,25,,,,,
2026-06-01,2026-06-01,FO,NSE,IDO,65889,,NIFTYNXT50,,2026-08-25,2026-08-25,82000.00,CE,NIFTYNXT5026AUG82000CE,0.00,0.00,0.00,545.00,0.00,545.00,69921.85,379.80,0,0,0,0.00,0,F1,25,,,,,
2026-06-01,2026-06-01,FO,NSE,IDO,64765,,NIFTYNXT50,,2026-07-28,2026-07-28,73000.00,CE,NIFTYNXT5026JUL73000CE,0.00,0.00,0.00,2628.75,0.00,2628.75,69921.85,1574.35,0,0,0,0.00,0,F1,25,,,,,
2026-06-01,2026-06-01,FO,NSE,IDO,64791,,NIFTYNXT50,,2026-07-28,2026-07-28,74100.00,CE,NIFTYNXT5026JUL74100CE,0.00,0.00,0.00,2210.75,0.00,2210.75,69921.85,1233.20,0,0,0,0.00,0,F1,25,,,,,
2026-06-01,2026-06-01,FO,NSE,IDO,64823,,NIFTYNXT50,,2026-07-28,2026-07-28,75000.00,CE,NIFTYNXT5026JUL75000CE,0.00,0.00,0.00,1907.75,0.00,1907.75,69921.85,1002.90,0,0,0,0.00,0,F1,25,,,,,
2026-06-01,2026-06-01,FO,NSE,IDO,64888,,NIFTYNXT50,,2026-07-28,2026-07-28,77600.00,CE,NIFTYNXT5026JUL77600CE,0.00,0.00,0.00,1215.30,0.00,1215.30,69921.85,518.25,0,0,0,0.00,0,F1,25,,,,,
2026-06-01,2026-06-01,FO,NSE,IDO,64968,,NIFTYNXT50,,2026-07-28,2026-07-28,80000.00,CE,NIFTYNXT5026JUL80000CE,0.00,0.00,0.00,769.05,0.00,769.05,69921.85,263.85,0,0,0,0.00,0,F1,25,,,,,
2026-06-01,2026-06-01,FO,NSE,IDO,65000,,NIFTYNXT50,,2026-07-28,2026-07-28,81000.00,CE,NIFTYNXT5026JUL81000CE,0.00,0.00,0.00,629.65,0.00,629.65,69921.85,195.45,0,0,0,0.00,0,F1,25,,,,,
2026-06-01,2026-06-01,FO,NSE,IDO,64212,,NIFTYNXT50,,2026-08-25,2026-08-25,61000.00,CE,NIFTYNXT5026AUG61000CE,0.00,0.00,0.00,11086.55,0.00,11086.55,69921.85,10158.40,0,0,0,0.00,0,F1,25,,,,,
2026-06-01,2026-06-01,FO,NSE,IDO,64430,,NIFTYNXT50,,2026-08-25,2026-08-25,65400.00,CE,NIFTYNXT5026AUG65400CE,0.00,0.00,0.00,7364.45,0.00,7364.45,69921.85,6526.80,0,0,0,0.00,0,F1,25,,,,,
2026-06-01,2026-06-01,FO,NSE,IDO,64461,,NIFTYNXT50,,2026-08-25,2026-08-25,65800.00,CE,NIFTYNXT5026AUG65800CE,0.00,0.00,0.00,7058.20,0.00,7058.20,69921.85,6234.95,0,0,0,0.00,0,F1,25,,,,,
2026-06-01,2026-06-01,FO,NSE,IDO,64671,,NIFTYNXT50,,2026-08-25,2026-08-25,67600.00,CE,NIFTYNXT5026AUG67600CE,0.00,0.00,0.00,5760.80,0.00,5760.80,69921.85,4997.10,0,0,0,0.00,0,F1,25,,,,,
2026-06-01,2026-06-01,FO,NSE,IDO,64826,,NIFTYNXT50,,2026-08-25,2026-08-25,69500.00,CE,NIFTYNXT5026AUG69500CE,0.00,0.00,0.00,4551.20,0.00,4551.20,69921.85,3864.85,0,0,0,0.00,0,F1,25,,,,,
2026-06-01,2026-06-01,FO,NSE,IDO,65042,,NIFTYNXT50,,2026-08-25,2026-08-25,72400.00,CE,NIFTYNXT5026AUG72400CE,0.00,0.00,0.00,3038.65,0.00,3038.65,69921.85,2486.05,0,0,0,0.00,0,F1,25,,,,,
2026-06-01,2026-06-01,FO,NSE,IDO,65111,,NIFTYNXT50,,2026-08-25,2026-08-25,73200.00,CE,NIFTYNXT5026AUG73200CE,0.00,0.00,0.00,2692.40,0.00,2692.40,69921.85,2178.10,0,0,0,0.00,0,F1,25,,,,,
2026-06-01,2026-06-01,FO,NSE,IDO,65346,,NIFTYNXT50,,2026-08-25,2026-08-25,75400.00,CE,NIFTYNXT5026AUG75400CE,0.00,0.00,0.00,1889.65,0.00,1889.65,69921.85,1478.90,0,0,0,0.00,0,F1,25,,,,,
2026-06-01,2026-06-01,FO,NSE,IDO,65388,,NIFTYNXT50,,2026-08-25,2026-08-25,76400.00,CE,NIFTYNXT5026AUG76400CE,0.00,0.00,0.00,1592.25,0.00,1592.25,69921.85,1229.95,0,0,0,0.00,0,F1,25,,,,,
2026-06-01,2026-06-01,FO,NSE,IDF,58073,,NIFTYNXT50,,2026-08-25,2026-08-25,,,NIFTYNXT5026AUGFUT,0.00,0.00,0.00,72009.00,0.00,72009.00,69921.85,71041.20,0,0,0,0.00,0,F1,25,,,,,
2026-06-01,2026-06-01,FO,NSE,IDO,80860,,NIFTYNXT50,,2026-06-30,2026-06-30,52000.00,CE,NIFTYNXT5026JUN52000CE,0.00,0.00,0.00,9459.60,0.00,9459.60,69921.85,18170.00,0,0,0,0.00,0,F1,25,,,,,
2026-06-01,2026-06-01,FO,NSE,IDO,80900,,NIFTYNXT50,,2026-06-30,2026-06-30,53500.00,CE,NIFTYNXT5026JUN53500CE,0.00,0.00,0.00,8124.80,0.00,8124.80,69921.85,16677.15,0,0,0,0.00,0,F1,25,,,,,
2026-06-01,2026-06-01,FO,NSE,IDO,81009,,NIFTYNXT50,,2026-06-30,2026-06-30,55300.00,CE,NIFTYNXT5026JUN55300CE,0.00,0.00,0.00,6620.75,0.00,6620.75,69921.85,14885.85,0,0,0,0.00,0,F1,25,,,,,
2026-06-01,2026-06-01,FO,NSE,IDO,81210,,NIFTYNXT50,,2026-06-30,2026-06-30,56300.00,CE,NIFTYNXT5026JUN56300CE,0.00,0.00,0.00,5842.70,0.00,5842.70,69921.85,13890.80,0,0,0,0.00,0,F1,25,,,,,
2026-06-01,2026-06-01,FO,NSE,IDO,81269,,NIFTYNXT50,,2026-06-30,2026-06-30,58200.00,CE,NIFTYNXT5026JUN58200CE,0.00,0.00,0.00,4498.70,0.00,4498.70,69921.85,12001.65,0,0,0,0.00,0,F1,25,,,,,
2026-06-01,2026-06-01,FO,NSE,IDO,82121,,NIFTYNXT50,,2026-06-30,2026-06-30,80000.00,CE,NIFTYNXT5026JUN80000CE,0.00,0.00,0.00,22.15,0.00,22.15,69921.85,39.70,0,0,0,0.00,0,F1,25,,,,,
2026-06-01,2026-06-01,FO,NSE,IDO,64490,,NIFTYNXT50,,2026-07-28,2026-07-28,62300.00,CE,NIFTYNXT5026JUL62300CE,0.00,0.00,0.00,9583.30,0.00,9583.30,69921.85,8503.45,0,0,0,0.00,0,F1,25,,,,,
2026-06-01,2026-06-01,FO,NSE,IDO,64492,,NIFTYNXT50,,2026-07-28,2026-07-28,62400.00,CE,NIFTYNXT5026JUL62400CE,0.00,0.00,0.00,9497.25,0.00,9497.25,69921.85,8413.45,0,0,0,0.00,0,F1,25,,,,,
2026-06-01,2026-06-01,FO,NSE,IDO,64497,,NIFTYNXT50,,2026-07-28,2026-07-28,62500.00,CE,NIFTYNXT5026JUL62500CE,0.00,0.00,0.00,9411.50,0.00,9411.50,69921.85,8323.75,0,0,0,0.00,0,F1,25,,,,,
2026-06-01,2026-06-01,FO,NSE,IDO,64501,,NIFTYNXT50,,2026-07-28,2026-07-28,62700.00,CE,NIFTYNXT5026JUL62700CE,0.00,0.00,0.00,9240.85,0.00,9240.85,69921.85,8145.20,0,0,0,0.00,0,F1,25,,,,,
2026-06-01,2026-06-01,FO,NSE,IDO,64526,,NIFTYNXT50,,2026-07-28,2026-07-28,63500.00,CE,NIFTYNXT5026JUL63500CE,0.00,0.00,0.00,8570.40,0.00,8570.40,69921.85,7443.95,0,0,0,0.00,0,F1,25,,,,,
2026-06-01,2026-06-01,FO,NSE,IDO,64539,,NIFTYNXT50,,2026-07-28,2026-07-28,64000.00,CE,NIFTYNXT5026JUL64000CE,0.00,0.00,0.00,8162.00,0.00,8162.00,69921.85,7017.15,0,0,0,0.00,0,F1,25,,,,,
2026-06-01,2026-06-01,FO,NSE,IDO,64551,,NIFTYNXT50,,2026-07-28,2026-07-28,64400.00,CE,NIFTYNXT5026JUL64400CE,0.00,0.00,0.00,7841.55,0.00,7841.55,69921.85,6682.65,0,0,0,0.00,0,F1,25,,,,,
2026-06-01,2026-06-01,FO,NSE,IDO,64581,,NIFTYNXT50,,2026-07-28,2026-07-28,65900.00,CE,NIFTYNXT5026JUL65900CE,0.00,0.00,0.00,6696.25,0.00,6696.25,69921.85,5491.10,0,0,0,0.00,0,F1,25,,,,,
2026-06-01,2026-06-01,FO,NSE,IDO,64593,,NIFTYNXT50,,2026-07-28,2026-07-28,66500.00,CE,NIFTYNXT5026JUL66500CE,0.00,0.00,0.00,6261.85,0.00,6261.85,69921.85,5047.65,0,0,0,0.00,0,F1,25,,,,,
2026-06-01,2026-06-01,FO,NSE,IDO,64612,,NIFTYNXT50,,2026-07-28,2026-07-28,67400.00,CE,NIFTYNXT5026JUL67400CE,0.00,0.00,0.00,5637.65,0.00,5637.65,69921.85,4412.30,0,0,0,0.00,0,F1,25,,,,,
2026-06-01,2026-06-01,FO,NSE,IDO,64618,,NIFTYNXT50,,2026-07-28,2026-07-28,67600.00,CE,NIFTYNXT5026JUL67600CE,0.00,0.00,0.00,5504.60,0.00,5504.60,69921.85,4278.15,0,0,0,0.00,0,F1,25,,,,,
2026-06-01,2026-06-01,FO,NSE,IDO,64723,,NIFTYNXT50,,2026-07-28,2026-07-28,71600.00,CE,NIFTYNXT5026JUL71600CE,0.00,0.00,0.00,3240.70,0.00,3240.70,69921.85,2105.45,0,0,0,0.00,0,F1,25,,,,,
2026-06-01,2026-06-01,FO,NSE,IDO,64902,,NIFTYNXT50,,2026-07-28,2026-07-28,78000.00,CE,NIFTYNXT5026JUL78000CE,0.00,0.00,0.00,1126.75,0.00,1126.75,69921.85,465.15,0,0,0,0.00,0,F1,25,,,,,
2026-06-01,2026-06-01,FO,NSE,IDO,64905,,NIFTYNXT50,,2026-07-28,2026-07-28,78100.00,CE,NIFTYNXT5026JUL78100CE,0.00,0.00,0.00,1106.05,0.00,1106.05,69921.85,452.65,0,0,0,0.00,0,F1,25,,,,,
2026-06-01,2026-06-01,FO,NSE,IDO,64910,,NIFTYNXT50,,2026-07-28,2026-07-28,78300.00,CE,NIFTYNXT5026JUL78300CE,0.00,0.00,0.00,1065.65,0.00,1065.65,69921.85,428.45,0,0,0,0.00,0,F1,25,,,,,
2026-06-01,2026-06-01,FO,NSE,IDO,64924,,NIFTYNXT50,,2026-07-28,2026-07-28,78800.00,CE,NIFTYNXT5026JUL78800CE,0.00,0.00,0.00,969.90,0.00,969.90,69921.85,372.75,0,0,0,0.00,0,F1,25,,,,,
2026-06-01,2026-06-01,FO,NSE,IDO,65034,,NIFTYNXT50,,2026-07-28,2026-07-28,82000.00,CE,NIFTYNXT5026JUL82000CE,0.00,0.00,0.00,512.50,0.00,512.50,69921.85,143.25,0,0,0,0.00,0,F1,25,,,,,
2026-06-01,2026-06-01,FO,NSE,IDO,81620,,NIFTYNXT50,,2026-06-30,2026-06-30,64200.00,CE,NIFTYNXT5026JUN64200CE,0.00,0.00,0.00,1586.45,0.00,1586.45,69921.85,6187.95,0,0,0,0.00,0,F1,25,,,,,
2026-06-01,2026-06-01,FO,NSE,IDO,81571,,NIFTYNXT50,,2026-06-30,2026-06-30,63800.00,CE,NIFTYNXT5026JUN63800CE,0.00,0.00,0.00,1718.65,0.00,1718.65,69921.85,6554.55,0,0,0,0.00,0,F1,25,,,,,
2026-06-01,2026-06-01,FO,NSE,IDO,81383,,NIFTYNXT50,,2026-06-30,2026-06-30,61500.00,CE,NIFTYNXT5026JUN61500CE,0.00,0.00,0.00,2644.10,0.00,2644.10,69921.85,8745.70,0,0,0,0.00,0,F1,25,,,,,
2026-06-01,2026-06-01,FO,NSE,IDO,81369,,NIFTYNXT50,,2026-06-30,2026-06-30,60800.00,CE,NIFTYNXT5026JUN60800CE,0.00,0.00,0.00,2985.05,0.00,2985.05,69921.85,9430.35,0,0,0,0.00,0,F1,25,,,,,
2026-06-01,2026-06-01,FO,NSE,IDO,81339,,NIFTYNXT50,,2026-06-30,2026-06-30,59500.00,CE,NIFTYNXT5026JUN59500CE,0.00,0.00,0.00,3693.20,0.00,3693.20,69921.85,10712.40,0,0,0,0.00,0,F1,25,,,,,
2026-06-01,2026-06-01,FO,NSE,IDO,64249,,NIFTYNXT50,,2026-08-25,2026-08-25,61500.00,CE,NIFTYNXT5026AUG61500CE,0.00,0.00,0.00,10636.50,0.00,10636.50,69921.85,9715.15,0,0,0,0.00,0,F1,25,,,,,
2026-06-01,2026-06-01,FO,NSE,IDO,64310,,NIFTYNXT50,,2026-08-25,2026-08-25,63300.00,CE,NIFTYNXT5026AUG63300CE,0.00,0.00,0.00,9067.95,0.00,9067.95,69921.85,8178.05,0,0,0,0.00,0,F1,25,,,,,
2026-06-01,2026-06-01,FO,NSE,IDO,64382,,NIFTYNXT50,,2026-08-25,2026-08-25,65200.00,CE,NIFTYNXT5026AUG65200CE,0.00,0.00,0.00,7519.90,0.00,7519.90,69921.85,6676.50,0,0,0,0.00,0,F1,25,,,,,
2026-06-01,2026-06-01,FO,NSE,IDO,64448,,NIFTYNXT50,,2026-08-25,2026-08-25,65600.00,CE,NIFTYNXT5026AUG65600CE,0.00,0.00,0.00,7210.55,0.00,7210.55,69921.85,6378.80,0,0,0,0.00,0,F1,25,,,,,
2026-06-01,2026-06-01,FO,NSE,IDO,64485,,NIFTYNXT50,,2026-08-25,2026-08-25,66300.00,CE,NIFTYNXT5026AUG66300CE,0.00,0.00,0.00,6684.35,0.00,6684.35,69921.85,5876.40,0,0,0,0.00,0,F1,25,,,,,
2026-06-01,2026-06-01,FO,NSE,IDO,64725,,NIFTYNXT50,,2026-08-25,2026-08-25,68200.00,CE,NIFTYNXT5026AUG68200CE,0.00,0.00,0.00,5360.60,0.00,5360.60,69921.85,4620.10,0,0,0,0.00,0,F1,25,,,,,
2026-06-01,2026-06-01,FO,NSE,IDO,64890,,NIFTYNXT50,,2026-08-25,2026-08-25,70000.00,CE,NIFTYNXT5026AUG70000CE,0.00,0.00,0.00,4261.40,0.00,4261.40,69921.85,3597.05,0,0,0,0.00,0,F1,25,,,,,
2026-06-01,2026-06-01,FO,NSE,IDO,65004,,NIFTYNXT50,,2026-08-25,2026-08-25,71700.00,CE,NIFTYNXT5026AUG71700CE,0.00,0.00,0.00,3366.45,0.00,3366.45,69921.85,2780.60,0,0,0,0.00,0,F1,25,,,,,
2026-06-01,2026-06-01,FO,NSE,IDO,65017,,NIFTYNXT50,,2026-08-25,2026-08-25,72000.00,CE,NIFTYNXT5026AUG72000CE,0.00,0.00,0.00,3223.10,0.00,3223.10,69921.85,2651.45,0,0,0,0.00,0,F1,25,,,,,
2026-06-01,2026-06-01,FO,NSE,IDO,65273,,NIFTYNXT50,,2026-08-25,2026-08-25,74900.00,CE,NIFTYNXT5026AUG74900CE,0.00,0.00,0.00,2053.60,0.00,2053.60,69921.85,1619.80,0,0,0,0.00,0,F1,25,,,,,
2026-06-01,2026-06-01,FO,NSE,IDO,65384,,NIFTYNXT50,,2026-08-25,2026-08-25,76200.00,CE,NIFTYNXT5026AUG76200CE,0.00,0.00,0.00,1648.55,0.00,1648.55,69921.85,1277.20,0,0,0,0.00,0,F1,25,,,,,
2026-06-01,2026-06-01,FO,NSE,IDO,65507,,NIFTYNXT50,,2026-08-25,2026-08-25,77700.00,CE,NIFTYNXT5026AUG77700CE,0.00,0.00,0.00,1266.20,0.00,1266.20,69921.85,952.90,0,0,0,0.00,0,F1,25,,,,,
2026-06-01,2026-06-01,FO,NSE,IDO,65637,,NIFTYNXT50,,2026-08-25,2026-08-25,79100.00,CE,NIFTYNXT5026AUG79100CE,0.00,0.00,0.00,973.15,0.00,973.15,69921.85,716.00,0,0,0,0.00,0,F1,25,,,,,
2026-06-01,2026-06-01,FO,NSE,IDO,81008,,NIFTYNXT50,,2026-06-30,2026-06-30,55200.00,PE,NIFTYNXT5026JUN55200PE,0.00,0.00,0.00,562.40,0.00,562.40,69921.85,0.10,0,0,0,0.00,0,F1,25,,,,,
2026-06-01,2026-06-01,FO,NSE,IDO,81244,,NIFTYNXT50,,2026-06-30,2026-06-30,57600.00,PE,NIFTYNXT5026JUN57600PE,0.00,0.00,0.00,1120.70,0.00,1120.70,69921.85,1.20,0,0,0,0.00,0,F1,25,,,,,
2026-06-01,2026-06-01,FO,NSE,IDO,81261,,NIFTYNXT50,,2026-06-30,2026-06-30,57900.00,PE,NIFTYNXT5026JUN57900PE,0.00,0.00,0.00,1211.10,0.00,1211.10,69921.85,1.60,0,0,0,0.00,0,F1,25,,,,,
2026-06-01,2026-06-01,FO,NSE,IDO,81498,,NIFTYNXT50,,2026-06-30,2026-06-30,62100.00,PE,NIFTYNXT5026JUN62100PE,0.00,0.00,0.00,3012.30,0.00,3012.30,69921.85,45.60,0,0,0,0.00,0,F1,25,,,,,
2026-06-01,2026-06-01,FO,NSE,IDO,81572,,NIFTYNXT50,,2026-06-30,2026-06-30,63800.00,PE,NIFTYNXT5026JUN63800PE,0.00,0.00,0.00,4026.00,0.00,4026.00,69921.85,128.25,0,0,0,0.00,0,F1,25,,,,,
2026-06-01,2026-06-01,FO,NSE,IDO,81631,,NIFTYNXT50,,2026-06-30,2026-06-30,64600.00,PE,NIFTYNXT5026JUN64600PE,0.00,0.00,0.00,4555.25,0.00,4555.25,69921.85,197.30,0,0,0,0.00,0,F1,25,,,,,
2026-06-01,2026-06-01,FO,NSE,IDO,81774,,NIFTYNXT50,,2026-06-30,2026-06-30,67300.00,PE,NIFTYNXT5026JUN67300PE,0.00,0.00,0.00,6557.10,0.00,6557.10,69921.85,670.75,0,0,0,0.00,0,F1,25,,,,,
2026-06-01,2026-06-01,FO,NSE,IDO,81786,,NIFTYNXT50,,2026-06-30,2026-06-30,67900.00,PE,NIFTYNXT5026JUN67900PE,0.00,0.00,0.00,7040.40,0.00,7040.40,69921.85,838.35,0,0,0,0.00,0,F1,25,,,,,
2026-06-01,2026-06-01,FO,NSE,IDO,81809,,NIFTYNXT50,,2026-06-30,2026-06-30,68800.00,PE,NIFTYNXT5026JUN68800PE,0.00,0.00,0.00,7787.15,0.00,7787.15,69921.85,1149.10,0,0,0,0.00,0,F1,25,,,,,
2026-06-01,2026-06-01,FO,NSE,IDO,81989,,NIFTYNXT50,,2026-06-30,2026-06-30,71100.00,PE,NIFTYNXT5026JUN71100PE,0.00,0.00,0.00,9794.15,0.00,9794.15,69921.85,2260.55,0,0,0,0.00,0,F1,25,,,,,
2026-06-01,2026-06-01,FO,NSE,IDO,82031,,NIFTYNXT50,,2026-06-30,2026-06-30,72500.00,PE,NIFTYNXT5026JUN72500PE,0.00,0.00,0.00,11069.15,0.00,11069.15,69921.85,3156.90,0,0,0,0.00,0,F1,25,,,,,
2026-06-01,2026-06-01,FO,NSE,IDO,35295,,NIFTYNXT50,,2026-06-30,2026-06-30,73600.00,PE,NIFTYNXT5026JUN73600PE,0.00,0.00,0.00,10661.00,0.00,10661.00,69921.85,3964.85,0,0,0,0.00,0,F1,25,,,,,
2026-06-01,2026-06-01,FO,NSE,IDO,35309,,NIFTYNXT50,,2026-06-30,2026-06-30,73900.00,PE,NIFTYNXT5026JUN73900PE,0.00,0.00,0.00,10934.65,0.00,10934.65,69921.85,4198.85,0,0,0,0.00,0,F1,25,,,,,
2026-06-01,2026-06-01,FO,NSE,IDO,38775,,NIFTYNXT50,,2026-06-30,2026-06-30,74300.00,PE,NIFTYNXT5026JUN74300PE,0.00,0.00,0.00,10597.30,0.00,10597.30,69921.85,4519.10,0,0,0,0.00,0,F1,25,,,,,
2026-06-01,2026-06-01,FO,NSE,IDO,82040,,NIFTYNXT50,,2026-06-30,2026-06-30,74500.00,PE,NIFTYNXT5026JUN74500PE,0.00,0.00,0.00,12939.05,0.00,12939.05,69921.85,4682.60,0,0,0,0.00,0,F1,25,,,,,
2026-06-01,2026-06-01,FO,NSE,IDO,40983,,NIFTYNXT50,,2026-06-30,2026-06-30,75300.00,PE,NIFTYNXT5026JUN75300PE,0.00,0.00,0.00,8671.20,0.00,8671.20,69921.85,5356.75,0,0,0,0.00,0,F1,25,,,,,
2026-06-01,2026-06-01,FO,NSE,IDO,40999,,NIFTYNXT50,,2026-06-30,2026-06-30,76100.00,PE,NIFTYNXT5026JUN76100PE,0.00,0.00,0.00,9360.60,0.00,9360.60,69921.85,6059.25,0,0,0,0.00,0,F1,25,,,,,
2026-06-01,2026-06-01,FO,NSE,IDO,41011,,NIFTYNXT50,,2026-06-30,2026-06-30,76700.00,PE,NIFTYNXT5026JUN76700PE,0.00,0.00,0.00,9887.30,0.00,9887.30,69921.85,6601.55,0,0,0,0.00,0,F1,25,,,,,
2026-06-01,2026-06-01,FO,NSE,IDO,41020,,NIFTYNXT50,,2026-06-30,2026-06-30,77100.00,PE,NIFTYNXT5026JUN77100PE,0.00,0.00,0.00,10242.70,0.00,10242.70,69921.85,6969.30,0,0,0,0.00,0,F1,25,,,,,
2026-06-01,2026-06-01,FO,NSE,IDO,49304,,NIFTYNXT50,,2026-06-30,2026-06-30,78700.00,PE,NIFTYNXT5026JUN78700PE,0.00,0.00,0.00,10372.00,0.00,10372.00,69921.85,8478.50,0,0,0,0.00,0,F1,25,,,,,
2026-06-01,2026-06-01,FO,NSE,IDO,64459,,NIFTYNXT50,,2026-07-28,2026-07-28,61400.00,PE,NIFTYNXT5026JUL61400PE,0.00,0.00,0.00,320.40,0.00,320.40,69921.85,153.00,0,0,0,0.00,0,F1,25,,,,,
2026-06-01,2026-06-01,FO,NSE,IDO,64500,,NIFTYNXT50,,2026-07-28,2026-07-28,62600.00,PE,NIFTYNXT5026JUL62600PE,0.00,0.00,0.00,459.10,0.00,459.10,69921.85,249.30,0,0,0,0.00,0,F1,25,,,,,
2026-06-01,2026-06-01,FO,NSE,IDO,64506,,NIFTYNXT50,,2026-07-28,2026-07-28,62900.00,PE,NIFTYNXT5026JUL62900PE,0.00,0.00,0.00,500.15,0.00,500.15,69921.85,279.75,0,0,0,0.00,0,F1,25,,,,,
2026-06-01,2026-06-01,FO,NSE,IDO,64574,,NIFTYNXT50,,2026-07-28,2026-07-28,65500.00,PE,NIFTYNXT5026JUL65500PE,0.00,0.00,0.00,982.50,0.00,982.50,69921.85,682.75,0,0,0,0.00,0,F1,25,,,,,
2026-06-01,2026-06-01,FO,NSE,IDO,64598,,NIFTYNXT50,,2026-07-28,2026-07-28,66700.00,PE,NIFTYNXT5026JUL66700PE,0.00,0.00,0.00,1294.75,0.00,1294.75,69921.85,974.50,0,0,0,0.00,0,F1,25,,,,,
2026-06-01,2026-06-01,FO,NSE,IDO,64600,,NIFTYNXT50,,2026-07-28,2026-07-28,66800.00,PE,NIFTYNXT5026JUL66800PE,0.00,0.00,0.00,1320.45,0.00,1320.45,69921.85,1001.95,0,0,0,0.00,0,F1,25,,,,,
2026-06-01,2026-06-01,FO,NSE,IDO,64609,,NIFTYNXT50,,2026-07-28,2026-07-28,67200.00,PE,NIFTYNXT5026JUL67200PE,0.00,0.00,0.00,1439.60,0.00,1439.60,69921.85,1115.05,0,0,0,0.00,0,F1,25,,,,,
2026-06-01,2026-06-01,FO,NSE,IDO,64634,,NIFTYNXT50,,2026-07-28,2026-07-28,68200.00,PE,NIFTYNXT5026JUL68200PE,0.00,0.00,0.00,1769.20,0.00,1769.20,69921.85,1445.40,0,0,0,0.00,0,F1,25,,,,,
2026-06-01,2026-06-01,FO,NSE,IDO,64662,,NIFTYNXT50,,2026-07-28,2026-07-28,69300.00,PE,NIFTYNXT5026JUL69300PE,0.00,0.00,0.00,2185.90,0.00,2185.90,69921.85,1878.35,0,0,0,0.00,0,F1,25,,,,,
2026-06-01,2026-06-01,FO,NSE,IDO,64698,,NIFTYNXT50,,2026-07-28,2026-07-28,70400.00,PE,NIFTYNXT5026JUL70400PE,0.00,0.00,0.00,2660.55,0.00,2660.55,69921.85,2385.85,0,0,0,0.00,0,F1,25,,,,,
2026-06-01,2026-06-01,FO,NSE,IDO,64768,,NIFTYNXT50,,2026-07-28,2026-07-28,73100.00,PE,NIFTYNXT5026JUL73100PE,0.00,0.00,0.00,4070.90,0.00,4070.90,69921.85,3944.40,0,0,0,0.00,0,F1,25,,,,,
2026-06-01,2026-06-01,FO,NSE,IDO,64840,,NIFTYNXT50,,2026-07-28,2026-07-28,75600.00,PE,NIFTYNXT5026JUL75600PE,0.00,0.00,0.00,5670.80,0.00,5670.80,69921.85,5742.80,0,0,0,0.00,0,F1,25,,,,,
2026-06-01,2026-06-01,FO,NSE,IDO,64869,,NIFTYNXT50,,2026-07-28,2026-07-28,76800.00,PE,NIFTYNXT5026JUL76800PE,0.00,0.00,0.00,6531.50,0.00,6531.50,69921.85,6704.30,0,0,0,0.00,0,F1,25,,,,,
2026-06-01,2026-06-01,FO,NSE,IDO,64873,,NIFTYNXT50,,2026-07-28,2026-07-28,77000.00,PE,NIFTYNXT5026JUL77000PE,0.00,0.00,0.00,6679.80,0.00,6679.80,69921.85,6869.75,0,0,0,0.00,0,F1,25,,,,,
2026-06-01,2026-06-01,FO,NSE,IDO,64909,,NIFTYNXT50,,2026-07-28,2026-07-28,78200.00,PE,NIFTYNXT5026JUL78200PE,0.00,0.00,0.00,7594.85,0.00,7594.85,69921.85,7890.10,0,0,0,0.00,0,F1,25,,,,,
2026-06-01,2026-06-01,FO,NSE,IDO,64969,,NIFTYNXT50,,2026-07-28,2026-07-28,80000.00,PE,NIFTYNXT5026JUL80000PE,0.00,0.00,0.00,9052.35,0.00,9052.35,69921.85,9494.50,0,0,0,0.00,0,F1,25,,,,,
2026-06-01,2026-06-01,FO,NSE,IDO,64449,,NIFTYNXT50,,2026-08-25,2026-08-25,65600.00,PE,NIFTYNXT5026AUG65600PE,0.00,0.00,0.00,896.25,0.00,896.25,69921.85,1023.30,0,0,0,0.00,0,F1,25,,,,,
2026-06-01,2026-06-01,FO,NSE,IDO,64690,,NIFTYNXT50,,2026-08-25,2026-08-25,68000.00,PE,NIFTYNXT5026AUG68000PE,0.00,0.00,0.00,1542.45,0.00,1542.45,69921.85,1750.50,0,0,0,0.00,0,F1,25,,,,,
2026-06-01,2026-06-01,FO,NSE,IDO,64800,,NIFTYNXT50,,2026-08-25,2026-08-25,69200.00,PE,NIFTYNXT5026AUG69200PE,0.00,0.00,0.00,1963.40,0.00,1963.40,69921.85,2219.35,0,0,0,0.00,0,F1,25,,,,,
2026-06-01,2026-06-01,FO,NSE,IDO,64904,,NIFTYNXT50,,2026-08-25,2026-08-25,70100.00,PE,NIFTYNXT5026AUG70100PE,0.00,0.00,0.00,2324.15,0.00,2324.15,69921.85,2618.65,0,0,0,0.00,0,F1,25,,,,,
2026-06-01,2026-06-01,FO,NSE,IDO,64971,,NIFTYNXT50,,2026-08-25,2026-08-25,71100.00,PE,NIFTYNXT5026AUG71100PE,0.00,0.00,0.00,2770.95,0.00,2770.95,69921.85,3110.00,0,0,0,0.00,0,F1,25,,,,,
2026-06-01,2026-06-01,FO,NSE,IDO,65020,,NIFTYNXT50,,2026-08-25,2026-08-25,72000.00,PE,NIFTYNXT5026AUG72000PE,0.00,0.00,0.00,3214.25,0.00,3214.25,69921.85,3595.10,0,0,0,0.00,0,F1,25,,,,,
2026-06-01,2026-06-01,FO,NSE,IDO,65041,,NIFTYNXT50,,2026-08-25,2026-08-25,72300.00,PE,NIFTYNXT5026AUG72300PE,0.00,0.00,0.00,3370.80,0.00,3370.80,69921.85,3765.60,0,0,0,0.00,0,F1,25,,,,,
2026-06-01,2026-06-01,FO,NSE,IDO,65096,,NIFTYNXT50,,2026-08-25,2026-08-25,73000.00,PE,NIFTYNXT5026AUG73000PE,0.00,0.00,0.00,3752.55,0.00,3752.55,69921.85,4180.20,0,0,0,0.00,0,F1,25,,,,,
2026-06-01,2026-06-01,FO,NSE,IDO,65110,,NIFTYNXT50,,2026-08-25,2026-08-25,73100.00,PE,NIFTYNXT5026AUG73100PE,0.00,0.00,0.00,3809.00,0.00,3809.00,69921.85,4241.30,0,0,0,0.00,0,F1,25,,,,,
2026-06-01,2026-06-01,FO,NSE,IDO,65112,,NIFTYNXT50,,2026-08-25,2026-08-25,73200.00,PE,NIFTYNXT5026AUG73200PE,0.00,0.00,0.00,3865.85,0.00,3865.85,69921.85,4302.85,0,0,0,0.00,0,F1,25,,,,,
2026-06-01,2026-06-01,FO,NSE,IDO,65142,,NIFTYNXT50,,2026-08-25,2026-08-25,73500.00,PE,NIFTYNXT5026AUG73500PE,0.00,0.00,0.00,4039.25,0.00,4039.25,69921.85,4490.30,0,0,0,0.00,0,F1,25,,,,,
2026-06-01,2026-06-01,FO,NSE,IDO,65405,,NIFTYNXT50,,2026-08-25,2026-08-25,77100.00,PE,NIFTYNXT5026AUG77100PE,0.00,0.00,0.00,6422.85,0.00,6422.85,69921.85,7036.00,0,0,0,0.00,0,F1,25,,,,,
2026-06-01,2026-06-01,FO,NSE,IDO,81316,,NIFTYNXT50,,2026-06-30,2026-06-30,59000.00,CE,NIFTYNXT5026JUN59000CE,0.00,0.00,0.00,3991.65,0.00,3991.65,69921.85,11207.70,0,0,0,0.00,0,F1,25,,,,,
2026-06-01,2026-06-01,FO,NSE,IDO,81290,,NIFTYNXT50,,2026-06-30,2026-06-30,58500.00,CE,NIFTYNXT5026JUN58500CE,0.00,0.00,0.00,4304.35,0.00,4304.35,69921.85,11703.75,0,0,0,0.00,0,F1,25,,,,,
2026-06-01,2026-06-01,FO,NSE,IDO,81233,,NIFTYNXT50,,2026-06-30,2026-06-30,57300.00,CE,NIFTYNXT5026JUN57300CE,0.00,0.00,0.00,5114.00,0.00,5114.00,69921.85,12896.15,0,0,0,0.00,0,F1,25,,,,,
2026-06-01,2026-06-01,FO,NSE,IDO,81022,,NIFTYNXT50,,2026-06-30,2026-06-30,55800.00,CE,NIFTYNXT5026JUN55800CE,0.00,0.00,0.00,6226.05,0.00,6226.05,69921.85,14388.30,0,0,0,0.00,0,F1,25,,,,,
2026-06-01,2026-06-01,FO,NSE,IDO,65608,,NIFTYNXT50,,2026-08-25,2026-08-25,78600.00,PE,NIFTYNXT5026AUG78600PE,0.00,0.00,0.00,7563.55,0.00,7563.55,69921.85,8233.85,0,0,0,0.00,0,F1,25,,,,,
2026-06-01,2026-06-01,FO,NSE,IDO,65702,,NIFTYNXT50,,2026-08-25,2026-08-25,80500.00,PE,NIFTYNXT5026AUG80500PE,0.00,0.00,0.00,9105.90,0.00,9105.90,69921.85,9840.65,0,0,0,0.00,0,F1,25,,,,,
2026-06-01,2026-06-01,FO,NSE,IDO,42132,,NIFTYNXT50,,2026-06-30,2026-06-30,75200.00,CE,NIFTYNXT5026JUN75200CE,0.00,0.00,0.00,218.80,0.00,218.80,69921.85,351.50,0,0,0,0.00,0,F1,25,,,,,
2026-06-01,2026-06-01,FO,NSE,IDO,81660,,NIFTYNXT50,,2026-06-30,2026-06-30,65100.00,CE,NIFTYNXT5026JUN65100CE,0.00,0.00,0.00,1317.75,0.00,1317.75,69921.85,5386.35,0,0,0,0.00,0,F1,25,,,,,
2026-06-01,2026-06-01,FO,NSE,IDO,81682,,NIFTYNXT50,,2026-06-30,2026-06-30,66000.00,CE,NIFTYNXT5026JUN66000CE,0.00,0.00,0.00,1089.35,0.00,1089.35,69921.85,4624.25,0,0,0,0.00,0,F1,25,,,,,
2026-06-01,2026-06-01,FO,NSE,IDO,81726,,NIFTYNXT50,,2026-06-30,2026-06-30,66500.00,CE,NIFTYNXT5026JUN66500CE,0.00,0.00,0.00,976.35,0.00,976.35,69921.85,4221.25,0,0,0,0.00,0,F1,25,,,,,
2026-06-01,2026-06-01,FO,NSE,IDO,81783,,NIFTYNXT50,,2026-06-30,2026-06-30,67800.00,CE,NIFTYNXT5026JUN67800CE,0.00,0.00,0.00,723.30,0.00,723.30,69921.85,3253.30,0,0,0,0.00,0,F1,25,,,,,
2026-06-01,2026-06-01,FO,NSE,IDO,81810,,NIFTYNXT50,,2026-06-30,2026-06-30,68900.00,CE,NIFTYNXT5026JUN68900CE,0.00,0.00,0.00,555.65,0.00,555.65,69921.85,2538.45,0,0,0,0.00,0,F1,25,,,,,
2026-06-01,2026-06-01,FO,NSE,IDO,81895,,NIFTYNXT50,,2026-06-30,2026-06-30,69600.00,CE,NIFTYNXT5026JUN69600CE,0.00,0.00,0.00,467.15,0.00,467.15,69921.85,2137.25,0,0,0,0.00,0,F1,25,,,,,
2026-06-01,2026-06-01,FO,NSE,IDO,81976,,NIFTYNXT50,,2026-06-30,2026-06-30,70500.00,CE,NIFTYNXT5026JUN70500CE,0.00,0.00,0.00,371.45,0.00,371.45,69921.85,1684.30,0,0,0,0.00,0,F1,25,,,,,
2026-06-01,2026-06-01,FO,NSE,IDO,82002,,NIFTYNXT50,,2026-06-30,2026-06-30,71800.00,CE,NIFTYNXT5026JUN71800CE,0.00,0.00,0.00,263.45,0.00,263.45,69921.85,1153.55,0,0,0,0.00,0,F1,25,,,,,
2026-06-01,2026-06-01,FO,NSE,IDO,35264,,NIFTYNXT50,,2026-06-30,2026-06-30,72400.00,CE,NIFTYNXT5026JUN72400CE,0.00,0.00,0.00,377.85,0.00,377.85,69921.85,955.05,0,0,0,0.00,0,F1,25,,,,,
2026-06-01,2026-06-01,FO,NSE,IDO,35273,,NIFTYNXT50,,2026-06-30,2026-06-30,72800.00,CE,NIFTYNXT5026JUN72800CE,0.00,0.00,0.00,341.45,0.00,341.45,69921.85,837.85,0,0,0,0.00,0,F1,25,,,,,
2026-06-01,2026-06-01,FO,NSE,IDO,35300,,NIFTYNXT50,,2026-06-30,2026-06-30,73700.00,CE,NIFTYNXT5026JUN73700CE,0.00,0.00,0.00,270.60,0.00,270.60,69921.85,615.75,0,0,0,0.00,0,F1,25,,,,,
2026-06-01,2026-06-01,FO,NSE,IDO,38778,,NIFTYNXT50,,2026-06-30,2026-06-30,74600.00,CE,NIFTYNXT5026JUN74600CE,0.00,0.00,0.00,243.40,0.00,243.40,69921.85,442.95,0,0,0,0.00,0,F1,25,,,,,
2026-06-01,2026-06-01,FO,NSE,IDO,38782,,NIFTYNXT50,,2026-06-30,2026-06-30,74700.00,CE,NIFTYNXT5026JUN74700CE,0.00,0.00,0.00,236.90,0.00,236.90,69921.85,426.45,0,0,0,0.00,0,F1,25,,,,,
2026-06-01,2026-06-01,FO,NSE,IDO,82042,,NIFTYNXT50,,2026-06-30,2026-06-30,75000.00,CE,NIFTYNXT5026JUN75000CE,0.00,0.00,0.00,106.50,0.00,106.50,69921.85,380.05,0,0,0,0.00,0,F1,25,,,,,
2026-06-01,2026-06-01,FO,NSE,IDO,41027,,NIFTYNXT50,,2026-06-30,2026-06-30,77300.00,CE,NIFTYNXT5026JUN77300CE,267.40,267.40,177.00,177.70,177.70,371.55,69921.85,145.50,75,75,3,5813052.50,3,F1,25,,,,,
2026-06-01,2026-06-01,FO,NSE,IDO,81982,,NIFTYNXT50,,2026-06-30,2026-06-30,70800.00,CE,NIFTYNXT5026JUN70800CE,0.00,0.00,0.00,343.55,0.00,343.55,69921.85,1549.10,0,0,0,0.00,0,F1,25,,,,,
2026-06-01,2026-06-01,FO,NSE,IDO,81988,,NIFTYNXT50,,2026-06-30,2026-06-30,71100.00,CE,NIFTYNXT5026JUN71100CE,0.00,0.00,0.00,317.55,0.00,317.55,69921.85,1421.65,0,0,0,0.00,0,F1,25,,,,,
2026-06-01,2026-06-01,FO,NSE,IDO,81996,,NIFTYNXT50,,2026-06-30,2026-06-30,71500.00,CE,NIFTYNXT5026JUN71500CE,0.00,0.00,0.00,285.55,0.00,285.55,69921.85,1263.50,0,0,0,0.00,0,F1,25,,,,,
2026-06-01,2026-06-01,FO,NSE,IDO,81618,,NIFTYNXT50,,2026-06-30,2026-06-30,64100.00,CE,NIFTYNXT5026JUN64100CE,0.00,0.00,0.00,1618.75,0.00,1618.75,69921.85,6279.05,0,0,0,0.00,0,F1,25,,,,,
2026-06-01,2026-06-01,FO,NSE,IDO,82006,,NIFTYNXT50,,2026-06-30,2026-06-30,72000.00,CE,NIFTYNXT5026JUN72000CE,1170.00,1170.00,720.00,788.60,800.05,1295.25,69921.85,788.60,575,275,34,61950397.50,24,F1,25,,,,,
2026-06-01,2026-06-01,FO,NSE,IDO,82010,,NIFTYNXT50,,2026-06-30,2026-06-30,72100.00,CE,NIFTYNXT5026JUN72100CE,0.00,0.00,0.00,242.85,0.00,242.85,69921.85,1050.85,0,0,0,0.00,0,F1,25,,,,,
2026-06-01,2026-06-01,FO,NSE,IDO,35284,,NIFTYNXT50,,2026-06-30,2026-06-30,73200.00,CE,NIFTYNXT5026JUN73200CE,0.00,0.00,0.00,308.20,0.00,308.20,69921.85,735.10,0,0,0,0.00,0,F1,25,,,,,
2026-06-01,2026-06-01,FO,NSE,IDO,38786,,NIFTYNXT50,,2026-06-30,2026-06-30,74900.00,CE,NIFTYNXT5026JUN74900CE,0.00,0.00,0.00,224.35,0.00,224.35,69921.85,395.05,0,0,0,0.00,0,F1,25,,,,,
2026-06-01,2026-06-01,FO,NSE,IDO,42130,,NIFTYNXT50,,2026-06-30,2026-06-30,75100.00,CE,NIFTYNXT5026JUN75100CE,0.00,0.00,0.00,224.90,0.00,224.90,69921.85,365.55,0,0,0,0.00,0,F1,25,,,,,
2026-06-01,2026-06-01,FO,NSE,IDO,40982,,NIFTYNXT50,,2026-06-30,2026-06-30,75300.00,CE,NIFTYNXT5026JUN75300CE,240.00,240.00,240.00,240.00,240.00,250.75,69921.85,337.90,250,0,1,1888500.00,1,F1,25,,,,,
2026-06-01,2026-06-01,FO,NSE,IDO,41000,,NIFTYNXT50,,2026-06-30,2026-06-30,76200.00,CE,NIFTYNXT5026JUN76200CE,171.85,171.85,164.90,164.90,164.90,167.70,69921.85,234.25,125,25,2,3818418.75,2,F1,25,,,,,
2026-06-01,2026-06-01,FO,NSE,IDO,41002,,NIFTYNXT50,,2026-06-30,2026-06-30,76300.00,CE,NIFTYNXT5026JUN76300CE,0.00,0.00,0.00,471.00,0.00,471.00,69921.85,224.60,0,0,0,0.00,0,F1,25,,,,,
2026-06-01,2026-06-01,FO,NSE,IDO,41012,,NIFTYNXT50,,2026-06-30,2026-06-30,76800.00,CE,NIFTYNXT5026JUN76800CE,0.00,0.00,0.00,418.70,0.00,418.70,69921.85,181.35,0,0,0,0.00,0,F1,25,,,,,
2026-06-01,2026-06-01,FO,NSE,IDO,41025,,NIFTYNXT50,,2026-06-30,2026-06-30,77200.00,CE,NIFTYNXT5026JUN77200CE,0.00,0.00,0.00,380.60,0.00,380.60,69921.85,152.10,0,0,0,0.00,0,F1,25,,,,,
2026-06-01,2026-06-01,FO,NSE,IDO,81565,,NIFTYNXT50,,2026-06-30,2026-06-30,63500.00,CE,NIFTYNXT5026JUN63500CE,0.00,0.00,0.00,1823.15,0.00,1823.15,69921.85,6833.00,0,0,0,0.00,0,F1,25,,,,,
2026-06-01,2026-06-01,FO,NSE,IDO,81561,,NIFTYNXT50,,2026-06-30,2026-06-30,63300.00,CE,NIFTYNXT5026JUN63300CE,0.00,0.00,0.00,1895.45,0.00,1895.45,69921.85,7020.15,0,0,0,0.00,0,F1,25,,,,,
2026-06-01,2026-06-01,FO,NSE,IDO,81326,,NIFTYNXT50,,2026-06-30,2026-06-30,59100.00,CE,NIFTYNXT5026JUN59100CE,0.00,0.00,0.00,3930.80,0.00,3930.80,69921.85,11108.55,0,0,0,0.00,0,F1,25,,,,,
2026-06-01,2026-06-01,FO,NSE,IDO,81314,,NIFTYNXT50,,2026-06-30,2026-06-30,58900.00,CE,NIFTYNXT5026JUN58900CE,0.00,0.00,0.00,4053.05,0.00,4053.05,69921.85,11306.85,0,0,0,0.00,0,F1,25,,,,,
2026-06-01,2026-06-01,FO,NSE,IDO,81243,,NIFTYNXT50,,2026-06-30,2026-06-30,57600.00,CE,NIFTYNXT5026JUN57600CE,0.00,0.00,0.00,4902.30,0.00,4902.30,69921.85,12597.90,0,0,0,0.00,0,F1,25,,,,,
2026-06-01,2026-06-01,FO,NSE,IDO,81226,,NIFTYNXT50,,2026-06-30,2026-06-30,57100.00,CE,NIFTYNXT5026JUN57100CE,0.00,0.00,0.00,5256.25,0.00,5256.25,69921.85,13095.05,0,0,0,0.00,0,F1,25,,,,,
2026-06-01,2026-06-01,FO,NSE,IDO,41029,,NIFTYNXT50,,2026-06-30,2026-06-30,77400.00,CE,NIFTYNXT5026JUN77400CE,0.00,0.00,0.00,362.70,0.00,362.70,69921.85,139.10,0,0,0,0.00,0,F1,25,,,,,
2026-06-01,2026-06-01,FO,NSE,IDO,64481,,NIFTYNXT50,,2026-07-28,2026-07-28,62100.00,CE,NIFTYNXT5026JUL62100CE,0.00,0.00,0.00,9756.30,0.00,9756.30,69921.85,8684.25,0,0,0,0.00,0,F1,25,,,,,
2026-06-01,2026-06-01,FO,NSE,IDO,64503,,NIFTYNXT50,,2026-07-28,2026-07-28,62800.00,CE,NIFTYNXT5026JUL62800CE,0.00,0.00,0.00,9155.95,0.00,9155.95,69921.85,8056.40,0,0,0,0.00,0,F1,25,,,,,
2026-06-01,2026-06-01,FO,NSE,IDO,64507,,NIFTYNXT50,,2026-07-28,2026-07-28,63000.00,CE,NIFTYNXT5026JUL63000CE,0.00,0.00,0.00,8987.10,0.00,8987.10,69921.85,7879.75,0,0,0,0.00,0,F1,25,,,,,
2026-06-01,2026-06-01,FO,NSE,IDO,64530,,NIFTYNXT50,,2026-07-28,2026-07-28,63700.00,CE,NIFTYNXT5026JUL63700CE,0.00,0.00,0.00,8406.05,0.00,8406.05,69921.85,7272.10,0,0,0,0.00,0,F1,25,,,,,
2026-06-01,2026-06-01,FO,NSE,IDO,64553,,NIFTYNXT50,,2026-07-28,2026-07-28,64500.00,CE,NIFTYNXT5026JUL64500CE,0.00,0.00,0.00,7762.35,0.00,7762.35,69921.85,6600.10,0,0,0,0.00,0,F1,25,,,,,
2026-06-01,2026-06-01,FO,NSE,IDO,64565,,NIFTYNXT50,,2026-07-28,2026-07-28,65100.00,CE,NIFTYNXT5026JUL65100CE,0.00,0.00,0.00,7294.95,0.00,7294.95,69921.85,6113.65,0,0,0,0.00,0,F1,25,,,,,
2026-06-01,2026-06-01,FO,NSE,IDO,64567,,NIFTYNXT50,,2026-07-28,2026-07-28,65200.00,CE,NIFTYNXT5026JUL65200CE,0.00,0.00,0.00,7218.35,0.00,7218.35,69921.85,6034.15,0,0,0,0.00,0,F1,25,,,,,
2026-06-01,2026-06-01,FO,NSE,IDO,64597,,NIFTYNXT50,,2026-07-28,2026-07-28,66700.00,CE,NIFTYNXT5026JUL66700CE,0.00,0.00,0.00,6120.50,0.00,6120.50,69921.85,4903.00,0,0,0,0.00,0,F1,25,,,,,
2026-06-01,2026-06-01,FO,NSE,IDO,64625,,NIFTYNXT50,,2026-07-28,2026-07-28,67800.00,CE,NIFTYNXT5026JUL67800CE,0.00,0.00,0.00,5373.40,0.00,5373.40,69921.85,4146.30,0,0,0,0.00,0,F1,25,,,,,
2026-06-01,2026-06-01,FO,NSE,IDO,64661,,NIFTYNXT50,,2026-07-28,2026-07-28,69300.00,CE,NIFTYNXT5026JUL69300CE,0.00,0.00,0.00,4449.00,0.00,4449.00,69921.85,3234.35,0,0,0,0.00,0,F1,25,,,,,
2026-06-01,2026-06-01,FO,NSE,IDO,80870,,NIFTYNXT50,,2026-06-30,2026-06-30,52500.00,CE,NIFTYNXT5026JUN52500CE,0.00,0.00,0.00,9007.75,0.00,9007.75,69921.85,17672.40,0,0,0,0.00,0,F1,25,,,,,
2026-06-01,2026-06-01,FO,NSE,IDO,64701,,NIFTYNXT50,,2026-07-28,2026-07-28,70600.00,CE,NIFTYNXT5026JUL70600CE,0.00,0.00,0.00,3734.85,0.00,3734.85,69921.85,2556.05,0,0,0,0.00,0,F1,25,,,,,
2026-06-01,2026-06-01,FO,NSE,IDO,64747,,NIFTYNXT50,,2026-07-28,2026-07-28,72300.00,CE,NIFTYNXT5026JUL72300CE,0.00,0.00,0.00,2923.30,0.00,2923.30,69921.85,1825.75,0,0,0,0.00,0,F1,25,,,,,
2026-06-01,2026-06-01,FO,NSE,IDO,64394,,NIFTYNXT50,,2026-08-25,2026-08-25,65300.00,CE,NIFTYNXT5026AUG65300CE,0.00,0.00,0.00,7442.00,0.00,7442.00,69921.85,6601.45,0,0,0,0.00,0,F1,25,,,,,
2026-06-01,2026-06-01,FO,NSE,IDO,64454,,NIFTYNXT50,,2026-08-25,2026-08-25,65700.00,CE,NIFTYNXT5026AUG65700CE,0.00,0.00,0.00,7134.15,0.00,7134.15,69921.85,6308.00,0,0,0,0.00,0,F1,25,,,,,
2026-06-01,2026-06-01,FO,NSE,IDO,64673,,NIFTYNXT50,,2026-08-25,2026-08-25,67700.00,CE,NIFTYNXT5026AUG67700CE,0.00,0.00,0.00,5692.95,0.00,5692.95,69921.85,4933.00,0,0,0,0.00,0,F1,25,,,,,
2026-06-01,2026-06-01,FO,NSE,IDO,64749,,NIFTYNXT50,,2026-08-25,2026-08-25,68600.00,CE,NIFTYNXT5026AUG68600CE,0.00,0.00,0.00,5103.05,0.00,5103.05,69921.85,4378.70,0,0,0,0.00,0,F1,25,,,,,
2026-06-01,2026-06-01,FO,NSE,IDO,64938,,NIFTYNXT50,,2026-08-25,2026-08-25,70600.00,CE,NIFTYNXT5026AUG70600CE,0.00,0.00,0.00,3929.60,0.00,3929.60,69921.85,3292.45,0,0,0,0.00,0,F1,25,,,,,
2026-06-01,2026-06-01,FO,NSE,IDO,64972,,NIFTYNXT50,,2026-08-25,2026-08-25,71200.00,CE,NIFTYNXT5026AUG71200CE,0.00,0.00,0.00,3615.35,0.00,3615.35,69921.85,3005.65,0,0,0,0.00,0,F1,25,,,,,
2026-06-01,2026-06-01,FO,NSE,IDO,65014,,NIFTYNXT50,,2026-08-25,2026-08-25,71900.00,CE,NIFTYNXT5026AUG71900CE,0.00,0.00,0.00,3270.40,0.00,3270.40,69921.85,2694.00,0,0,0,0.00,0,F1,25,,,,,
2026-06-01,2026-06-01,FO,NSE,IDO,65097,,NIFTYNXT50,,2026-08-25,2026-08-25,73100.00,CE,NIFTYNXT5026AUG73100CE,0.00,0.00,0.00,2734.05,0.00,2734.05,69921.85,2214.95,0,0,0,0.00,0,F1,25,,,,,
2026-06-01,2026-06-01,FO,NSE,IDO,65145,,NIFTYNXT50,,2026-08-25,2026-08-25,73600.00,CE,NIFTYNXT5026AUG73600CE,0.00,0.00,0.00,2530.45,0.00,2530.45,69921.85,2035.25,0,0,0,0.00,0,F1,25,,,,,
2026-06-01,2026-06-01,FO,NSE,IDO,65195,,NIFTYNXT50,,2026-08-25,2026-08-25,74000.00,CE,NIFTYNXT5026AUG74000CE,0.00,0.00,0.00,2375.75,0.00,2375.75,69921.85,1899.60,0,0,0,0.00,0,F1,25,,,,,
2026-06-01,2026-06-01,FO,NSE,IDO,65283,,NIFTYNXT50,,2026-08-25,2026-08-25,75100.00,CE,NIFTYNXT5026AUG75100CE,0.00,0.00,0.00,1986.75,0.00,1986.75,69921.85,1562.20,0,0,0,0.00,0,F1,25,,,,,
2026-06-01,2026-06-01,FO,NSE,IDO,65361,,NIFTYNXT50,,2026-08-25,2026-08-25,75800.00,CE,NIFTYNXT5026AUG75800CE,0.00,0.00,0.00,1765.90,0.00,1765.90,69921.85,1373.30,0,0,0,0.00,0,F1,25,,,,,
2026-06-01,2026-06-01,FO,NSE,IDO,65587,,NIFTYNXT50,,2026-08-25,2026-08-25,78400.00,CE,NIFTYNXT5026AUG78400CE,0.00,0.00,0.00,1110.70,0.00,1110.70,69921.85,827.40,0,0,0,0.00,0,F1,25,,,,,
2026-06-01,2026-06-01,FO,NSE,IDO,80881,,NIFTYNXT50,,2026-06-30,2026-06-30,53000.00,PE,NIFTYNXT5026JUN53000PE,0.00,0.00,0.00,263.40,0.00,263.40,69921.85,0.05,0,0,0,0.00,0,F1,25,,,,,
2026-06-01,2026-06-01,FO,NSE,IDO,80969,,NIFTYNXT50,,2026-06-30,2026-06-30,54300.00,PE,NIFTYNXT5026JUN54300PE,0.00,0.00,0.00,418.90,0.00,418.90,69921.85,0.05,0,0,0,0.00,0,F1,25,,,,,
2026-06-01,2026-06-01,FO,NSE,IDO,80980,,NIFTYNXT50,,2026-06-30,2026-06-30,54600.00,PE,NIFTYNXT5026JUN54600PE,0.00,0.00,0.00,463.20,0.00,463.20,69921.85,0.05,0,0,0,0.00,0,F1,25,,,,,
2026-06-01,2026-06-01,FO,NSE,IDO,81004,,NIFTYNXT50,,2026-06-30,2026-06-30,55000.00,PE,NIFTYNXT5026JUN55000PE,0.00,0.00,0.00,527.70,0.00,527.70,69921.85,0.10,0,0,0,0.00,0,F1,25,,,,,
2026-06-01,2026-06-01,FO,NSE,IDO,81010,,NIFTYNXT50,,2026-06-30,2026-06-30,55300.00,PE,NIFTYNXT5026JUN55300PE,0.00,0.00,0.00,580.35,0.00,580.35,69921.85,0.10,0,0,0,0.00,0,F1,25,,,,,
2026-06-01,2026-06-01,FO,NSE,IDO,81215,,NIFTYNXT50,,2026-06-30,2026-06-30,56500.00,PE,NIFTYNXT5026JUN56500PE,0.00,0.00,0.00,830.80,0.00,830.80,69921.85,0.40,0,0,0,0.00,0,F1,25,,,,,
2026-06-01,2026-06-01,FO,NSE,IDO,81246,,NIFTYNXT50,,2026-06-30,2026-06-30,57700.00,PE,NIFTYNXT5026JUN57700PE,0.00,0.00,0.00,1150.30,0.00,1150.30,69921.85,1.30,0,0,0,0.00,0,F1,25,,,,,
2026-06-01,2026-06-01,FO,NSE,IDO,81254,,NIFTYNXT50,,2026-06-30,2026-06-30,57800.00,PE,NIFTYNXT5026JUN57800PE,0.00,0.00,0.00,1180.40,0.00,1180.40,69921.85,1.45,0,0,0,0.00,0,F1,25,,,,,
2026-06-01,2026-06-01,FO,NSE,IDO,81281,,NIFTYNXT50,,2026-06-30,2026-06-30,58200.00,PE,NIFTYNXT5026JUN58200PE,0.00,0.00,0.00,1306.40,0.00,1306.40,69921.85,2.10,0,0,0,0.00,0,F1,25,,,,,
2026-06-01,2026-06-01,FO,NSE,IDO,81329,,NIFTYNXT50,,2026-06-30,2026-06-30,59200.00,PE,NIFTYNXT5026JUN59200PE,0.00,0.00,0.00,1660.30,0.00,1660.30,69921.85,5.15,0,0,0,0.00,0,F1,25,,,,,
2026-06-01,2026-06-01,FO,NSE,IDO,81344,,NIFTYNXT50,,2026-06-30,2026-06-30,59700.00,PE,NIFTYNXT5026JUN59700PE,0.00,0.00,0.00,1858.65,0.00,1858.65,69921.85,7.80,0,0,0,0.00,0,F1,25,,,,,
2026-06-01,2026-06-01,FO,NSE,IDO,81370,,NIFTYNXT50,,2026-06-30,2026-06-30,60800.00,PE,NIFTYNXT5026JUN60800PE,0.00,0.00,0.00,2346.10,0.00,2346.10,69921.85,18.35,0,0,0,0.00,0,F1,25,,,,,
2026-06-01,2026-06-01,FO,NSE,IDO,81570,,NIFTYNXT50,,2026-06-30,2026-06-30,63700.00,PE,NIFTYNXT5026JUN63700PE,0.00,0.00,0.00,3962.10,0.00,3962.10,69921.85,121.25,0,0,0,0.00,0,F1,25,,,,,
2026-06-01,2026-06-01,FO,NSE,IDO,81655,,NIFTYNXT50,,2026-06-30,2026-06-30,64800.00,PE,NIFTYNXT5026JUN64800PE,0.00,0.00,0.00,4692.50,0.00,4692.50,69921.85,218.55,0,0,0,0.00,0,F1,25,,,,,
2026-06-01,2026-06-01,FO,NSE,IDO,81657,,NIFTYNXT50,,2026-06-30,2026-06-30,64900.00,PE,NIFTYNXT5026JUN64900PE,0.00,0.00,0.00,4761.80,0.00,4761.80,69921.85,229.85,0,0,0,0.00,0,F1,25,,,,,
2026-06-01,2026-06-01,FO,NSE,IDO,81743,,NIFTYNXT50,,2026-06-30,2026-06-30,66800.00,PE,NIFTYNXT5026JUN66800PE,0.00,0.00,0.00,6164.15,0.00,6164.15,69921.85,546.65,0,0,0,0.00,0,F1,25,,,,,
2026-06-01,2026-06-01,FO,NSE,IDO,82001,,NIFTYNXT50,,2026-06-30,2026-06-30,71700.00,PE,NIFTYNXT5026JUN71700PE,0.00,0.00,0.00,10336.45,0.00,10336.45,69921.85,2625.45,0,0,0,0.00,0,F1,25,,,,,
2026-06-01,2026-06-01,FO,NSE,IDO,82016,,NIFTYNXT50,,2026-06-30,2026-06-30,72200.00,PE,NIFTYNXT5026JUN72200PE,0.00,0.00,0.00,10793.20,0.00,10793.20,69921.85,2951.80,0,0,0,0.00,0,F1,25,,,,,
2026-06-01,2026-06-01,FO,NSE,IDO,38769,,NIFTYNXT50,,2026-06-30,2026-06-30,74100.00,PE,NIFTYNXT5026JUN74100PE,0.00,0.00,0.00,10414.75,0.00,10414.75,69921.85,4357.85,0,0,0,0.00,0,F1,25,,,,,
2026-06-01,2026-06-01,FO,NSE,IDO,42131,,NIFTYNXT50,,2026-06-30,2026-06-30,75100.00,PE,NIFTYNXT5026JUN75100PE,0.00,0.00,0.00,11080.95,0.00,11080.95,69921.85,5185.35,0,0,0,0.00,0,F1,25,,,,,
2026-06-01,2026-06-01,FO,NSE,IDO,40997,,NIFTYNXT50,,2026-06-30,2026-06-30,75900.00,PE,NIFTYNXT5026JUN75900PE,0.00,0.00,0.00,9186.80,0.00,9186.80,69921.85,5881.30,0,0,0,0.00,0,F1,25,,,,,
2026-06-01,2026-06-01,FO,NSE,IDO,41031,,NIFTYNXT50,,2026-06-30,2026-06-30,77400.00,PE,NIFTYNXT5026JUN77400PE,0.00,0.00,0.00,10511.25,0.00,10511.25,69921.85,7247.95,0,0,0,0.00,0,F1,25,,,,,
2026-06-01,2026-06-01,FO,NSE,IDO,41046,,NIFTYNXT50,,2026-06-30,2026-06-30,77800.00,PE,NIFTYNXT5026JUN77800PE,0.00,0.00,0.00,10871.95,0.00,10871.95,69921.85,7622.90,0,0,0,0.00,0,F1,25,,,,,
2026-06-01,2026-06-01,FO,NSE,IDO,82120,,NIFTYNXT50,,2026-06-30,2026-06-30,79500.00,PE,NIFTYNXT5026JUN79500PE,0.00,0.00,0.00,17752.25,0.00,17752.25,69921.85,9250.00,0,0,0,0.00,0,F1,25,,,,,
2026-06-01,2026-06-01,FO,NSE,IDO,82124,,NIFTYNXT50,,2026-06-30,2026-06-30,80500.00,PE,NIFTYNXT5026JUN80500PE,0.00,0.00,0.00,18726.95,0.00,18726.95,69921.85,10224.65,0,0,0,0.00,0,F1,25,,,,,
2026-06-01,2026-06-01,FO,NSE,IDO,64604,,NIFTYNXT50,,2026-07-28,2026-07-28,67000.00,PE,NIFTYNXT5026JUL67000PE,0.00,0.00,0.00,1379.10,0.00,1379.10,69921.85,1055.90,0,0,0,0.00,0,F1,25,,,,,
2026-06-01,2026-06-01,FO,NSE,IDO,64688,,NIFTYNXT50,,2026-07-28,2026-07-28,70200.00,PE,NIFTYNXT5026JUL70200PE,0.00,0.00,0.00,2569.90,0.00,2569.90,69921.85,2288.20,0,0,0,0.00,0,F1,25,,,,,
2026-06-01,2026-06-01,FO,NSE,IDO,64700,,NIFTYNXT50,,2026-07-28,2026-07-28,70500.00,PE,NIFTYNXT5026JUL70500PE,0.00,0.00,0.00,2706.60,0.00,2706.60,69921.85,2435.75,0,0,0,0.00,0,F1,25,,,,,
2026-06-01,2026-06-01,FO,NSE,IDO,64775,,NIFTYNXT50,,2026-07-28,2026-07-28,73400.00,PE,NIFTYNXT5026JUL73400PE,0.00,0.00,0.00,4248.55,0.00,4248.55,69921.85,4143.45,0,0,0,0.00,0,F1,25,,,,,
2026-06-01,2026-06-01,FO,NSE,IDO,64814,,NIFTYNXT50,,2026-07-28,2026-07-28,74500.00,PE,NIFTYNXT5026JUL74500PE,0.00,0.00,0.00,4934.15,0.00,4934.15,69921.85,4913.40,0,0,0,0.00,0,F1,25,,,,,
2026-06-01,2026-06-01,FO,NSE,IDO,64844,,NIFTYNXT50,,2026-07-28,2026-07-28,75800.00,PE,NIFTYNXT5026JUL75800PE,0.00,0.00,0.00,5809.90,0.00,5809.90,69921.85,5899.05,0,0,0,0.00,0,F1,25,,,,,
2026-06-01,2026-06-01,FO,NSE,IDO,64861,,NIFTYNXT50,,2026-07-28,2026-07-28,76400.00,PE,NIFTYNXT5026JUL76400PE,0.00,0.00,0.00,6236.55,0.00,6236.55,69921.85,6377.65,0,0,0,0.00,0,F1,25,,,,,
2026-06-01,2026-06-01,FO,NSE,IDO,64897,,NIFTYNXT50,,2026-07-28,2026-07-28,77700.00,PE,NIFTYNXT5026JUL77700PE,0.00,0.00,0.00,7209.75,0.00,7209.75,69921.85,7459.50,0,0,0,0.00,0,F1,25,,,,,
2026-06-01,2026-06-01,FO,NSE,IDO,64915,,NIFTYNXT50,,2026-07-28,2026-07-28,78300.00,PE,NIFTYNXT5026JUL78300PE,0.00,0.00,0.00,7673.35,0.00,7673.35,69921.85,7977.10,0,0,0,0.00,0,F1,25,,,,,
2026-06-01,2026-06-01,FO,NSE,IDO,64260,,NIFTYNXT50,,2026-08-25,2026-08-25,62000.00,PE,NIFTYNXT5026AUG62000PE,0.00,0.00,0.00,331.15,0.00,331.15,69921.85,379.70,0,0,0,0.00,0,F1,25,,,,,
2026-06-01,2026-06-01,FO,NSE,IDO,64472,,NIFTYNXT50,,2026-08-25,2026-08-25,66100.00,PE,NIFTYNXT5026AUG66100PE,0.00,0.00,0.00,1011.00,0.00,1011.00,69921.85,1155.10,0,0,0,0.00,0,F1,25,,,,,
2026-06-01,2026-06-01,FO,NSE,IDO,64752,,NIFTYNXT50,,2026-08-25,2026-08-25,68700.00,PE,NIFTYNXT5026AUG68700PE,0.00,0.00,0.00,1779.75,0.00,1779.75,69921.85,2015.25,0,0,0,0.00,0,F1,25,,,,,
2026-06-01,2026-06-01,FO,NSE,IDO,65013,,NIFTYNXT50,,2026-08-25,2026-08-25,71800.00,PE,NIFTYNXT5026AUG71800PE,0.00,0.00,0.00,3112.35,0.00,3112.35,69921.85,3483.85,0,0,0,0.00,0,F1,25,,,,,
2026-06-01,2026-06-01,FO,NSE,IDO,65055,,NIFTYNXT50,,2026-08-25,2026-08-25,72400.00,PE,NIFTYNXT5026AUG72400PE,0.00,0.00,0.00,3423.90,0.00,3423.90,69921.85,3823.40,0,0,0,0.00,0,F1,25,,,,,
2026-06-01,2026-06-01,FO,NSE,IDO,65084,,NIFTYNXT50,,2026-08-25,2026-08-25,72800.00,PE,NIFTYNXT5026AUG72800PE,0.00,0.00,0.00,3641.15,0.00,3641.15,69921.85,4059.40,0,0,0,0.00,0,F1,25,,,,,
2026-06-01,2026-06-01,FO,NSE,IDO,65320,,NIFTYNXT50,,2026-08-25,2026-08-25,75100.00,PE,NIFTYNXT5026AUG75100PE,0.00,0.00,0.00,5032.15,0.00,5032.15,69921.85,5557.05,0,0,0,0.00,0,F1,25,,,,,
2026-06-01,2026-06-01,FO,NSE,IDO,65387,,NIFTYNXT50,,2026-08-25,2026-08-25,76300.00,PE,NIFTYNXT5026AUG76300PE,0.00,0.00,0.00,5847.85,0.00,5847.85,69921.85,6429.30,0,0,0,0.00,0,F1,25,,,,,
2026-06-01,2026-06-01,FO,NSE,IDO,65502,,NIFTYNXT50,,2026-08-25,2026-08-25,77400.00,PE,NIFTYNXT5026AUG77400PE,0.00,0.00,0.00,6647.95,0.00,6647.95,69921.85,7269.90,0,0,0,0.00,0,F1,25,,,,,
2026-06-01,2026-06-01,FO,NSE,IDO,65512,,NIFTYNXT50,,2026-08-25,2026-08-25,77900.00,PE,NIFTYNXT5026AUG77900PE,0.00,0.00,0.00,7025.05,0.00,7025.05,69921.85,7666.25,0,0,0,0.00,0,F1,25,,,,,
2026-06-01,2026-06-01,FO,NSE,IDO,65612,,NIFTYNXT50,,2026-08-25,2026-08-25,78800.00,PE,NIFTYNXT5026AUG78800PE,0.00,0.00,0.00,7721.00,0.00,7721.00,69921.85,8398.60,0,0,0,0.00,0,F1,25,,,,,
2026-06-01,2026-06-01,FO,NSE,IDO,81624,,NIFTYNXT50,,2026-06-30,2026-06-30,64300.00,CE,NIFTYNXT5026JUN64300CE,0.00,0.00,0.00,1554.65,0.00,1554.65,69921.85,6097.20,0,0,0,0.00,0,F1,25,,,,,
2026-06-01,2026-06-01,FO,NSE,IDO,81670,,NIFTYNXT50,,2026-06-30,2026-06-30,65600.00,CE,NIFTYNXT5026JUN65600CE,0.00,0.00,0.00,1184.80,0.00,1184.80,69921.85,4957.50,0,0,0,0.00,0,F1,25,,,,,
2026-06-01,2026-06-01,FO,NSE,IDO,81980,,NIFTYNXT50,,2026-06-30,2026-06-30,70700.00,CE,NIFTYNXT5026JUN70700CE,0.00,0.00,0.00,352.65,0.00,352.65,69921.85,1593.30,0,0,0,0.00,0,F1,25,,,,,
2026-06-01,2026-06-01,FO,NSE,IDO,65080,,NIFTYNXT50,,2026-08-25,2026-08-25,72600.00,PE,NIFTYNXT5026AUG72600PE,0.00,0.00,0.00,3531.60,0.00,3531.60,69921.85,3940.45,0,0,0,0.00,0,F1,25,,,,,
2026-06-01,2026-06-01,FO,NSE,IDO,64959,,NIFTYNXT50,,2026-08-25,2026-08-25,70900.00,PE,NIFTYNXT5026AUG70900PE,0.00,0.00,0.00,2677.70,0.00,2677.70,69921.85,3007.65,0,0,0,0.00,0,F1,25,,,,,
2026-06-01,2026-06-01,FO,NSE,IDO,64941,,NIFTYNXT50,,2026-08-25,2026-08-25,70700.00,PE,NIFTYNXT5026AUG70700PE,0.00,0.00,0.00,2586.40,0.00,2586.40,69921.85,2907.30,0,0,0,0.00,0,F1,25,,,,,
2026-06-01,2026-06-01,FO,NSE,IDO,64778,,NIFTYNXT50,,2026-08-25,2026-08-25,68900.00,PE,NIFTYNXT5026AUG68900PE,0.00,0.00,0.00,1851.80,0.00,1851.80,69921.85,2095.35,0,0,0,0.00,0,F1,25,,,,,
2026-06-01,2026-06-01,FO,NSE,IDO,64746,,NIFTYNXT50,,2026-08-25,2026-08-25,68500.00,PE,NIFTYNXT5026AUG68500PE,0.00,0.00,0.00,1709.65,0.00,1709.65,69921.85,1937.10,0,0,0,0.00,0,F1,25,,,,,
2026-06-01,2026-06-01,FO,NSE,IDO,64517,,NIFTYNXT50,,2026-08-25,2026-08-25,66600.00,PE,NIFTYNXT5026AUG66600PE,0.00,0.00,0.00,1138.35,0.00,1138.35,69921.85,1292.80,0,0,0,0.00,0,F1,25,,,,,
2026-06-01,2026-06-01,FO,NSE,IDO,64515,,NIFTYNXT50,,2026-08-25,2026-08-25,66500.00,PE,NIFTYNXT5026AUG66500PE,0.00,0.00,0.00,1112.65,0.00,1112.65,69921.85,1263.70,0,0,0,0.00,0,F1,25,,,,,
2026-06-01,2026-06-01,FO,NSE,IDO,81562,,NIFTYNXT50,,2026-06-30,2026-06-30,63300.00,PE,NIFTYNXT5026JUN63300PE,0.00,0.00,0.00,3711.75,0.00,3711.75,69921.85,96.30,0,0,0,0.00,0,F1,25,,,,,
2026-06-01,2026-06-01,FO,NSE,IDO,80743,,NIFTYNXT50,,2026-06-30,2026-06-30,50500.00,CE,NIFTYNXT5026JUN50500CE,0.00,0.00,0.00,10847.95,0.00,10847.95,69921.85,19662.85,0,0,0,0.00,0,F1,25,,,,,
2026-06-01,2026-06-01,FO,NSE,IDO,80999,,NIFTYNXT50,,2026-06-30,2026-06-30,55000.00,CE,NIFTYNXT5026JUN55000CE,0.00,0.00,0.00,6862.70,0.00,6862.70,69921.85,15184.40,0,0,0,0.00,0,F1,25,,,,,
2026-06-01,2026-06-01,FO,NSE,IDO,81214,,NIFTYNXT50,,2026-06-30,2026-06-30,56500.00,CE,NIFTYNXT5026JUN56500CE,0.00,0.00,0.00,5692.65,0.00,5692.65,69921.85,13691.85,0,0,0,0.00,0,F1,25,,,,,
2026-06-01,2026-06-01,FO,NSE,IDO,81545,,NIFTYNXT50,,2026-06-30,2026-06-30,63100.00,CE,NIFTYNXT5026JUN63100CE,0.00,0.00,0.00,1969.85,0.00,1969.85,69921.85,7208.45,0,0,0,0.00,0,F1,25,,,,,
2026-06-01,2026-06-01,FO,NSE,IDO,81626,,NIFTYNXT50,,2026-06-30,2026-06-30,64400.00,CE,NIFTYNXT5026JUN64400CE,0.00,0.00,0.00,1523.40,0.00,1523.40,69921.85,6006.85,0,0,0,0.00,0,F1,25,,,,,
2026-06-01,2026-06-01,FO,NSE,IDO,81777,,NIFTYNXT50,,2026-06-30,2026-06-30,67500.00,CE,NIFTYNXT5026JUN67500CE,0.00,0.00,0.00,775.75,0.00,775.75,69921.85,3465.30,0,0,0,0.00,0,F1,25,,,,,
2026-06-01,2026-06-01,FO,NSE,IDO,82000,,NIFTYNXT50,,2026-06-30,2026-06-30,71700.00,CE,NIFTYNXT5026JUN71700CE,0.00,0.00,0.00,270.60,0.00,270.60,69921.85,1189.40,0,0,0,0.00,0,F1,25,,,,,
2026-06-01,2026-06-01,FO,NSE,IDO,35268,,NIFTYNXT50,,2026-06-30,2026-06-30,72600.00,CE,NIFTYNXT5026JUN72600CE,0.00,0.00,0.00,359.25,0.00,359.25,69921.85,895.00,0,0,0,0.00,0,F1,25,,,,,
2026-06-01,2026-06-01,FO,NSE,IDO,82032,,NIFTYNXT50,,2026-06-30,2026-06-30,73000.00,CE,NIFTYNXT5026JUN73000CE,777.00,777.00,382.40,404.20,404.20,740.00,69921.85,404.20,200,175,13,23900471.25,12,F1,25,,,,,
2026-06-01,2026-06-01,FO,NSE,IDO,35290,,NIFTYNXT50,,2026-06-30,2026-06-30,73400.00,CE,NIFTYNXT5026JUN73400CE,0.00,0.00,0.00,292.65,0.00,292.65,69921.85,686.75,0,0,0,0.00,0,F1,25,,,,,
2026-06-01,2026-06-01,FO,NSE,IDO,38774,,NIFTYNXT50,,2026-06-30,2026-06-30,74300.00,CE,NIFTYNXT5026JUN74300CE,0.00,0.00,0.00,263.90,0.00,263.90,69921.85,495.50,0,0,0,0.00,0,F1,25,,,,,
2026-06-01,2026-06-01,FO,NSE,IDO,82127,,NIFTYNXT50,,2026-06-30,2026-06-30,81500.00,CE,NIFTYNXT5026JUN81500CE,0.00,0.00,0.00,13.35,0.00,13.35,69921.85,17.85,0,0,0,0.00,0,F1,25,,,,,
2026-06-01,2026-06-01,FO,NSE,IDO,64403,,NIFTYNXT50,,2026-07-28,2026-07-28,59000.00,CE,NIFTYNXT5026JUL59000CE,0.00,0.00,0.00,12557.80,0.00,12557.80,69921.85,11596.80,0,0,0,0.00,0,F1,25,,,,,
2026-06-01,2026-06-01,FO,NSE,IDO,64445,,NIFTYNXT50,,2026-07-28,2026-07-28,61000.00,CE,NIFTYNXT5026JUL61000CE,0.00,0.00,0.00,10726.30,0.00,10726.30,69921.85,9696.80,0,0,0,0.00,0,F1,25,,,,,
2026-06-01,2026-06-01,FO,NSE,IDO,64462,,NIFTYNXT50,,2026-07-28,2026-07-28,61500.00,CE,NIFTYNXT5026JUL61500CE,0.00,0.00,0.00,10281.60,0.00,10281.60,69921.85,9233.00,0,0,0,0.00,0,F1,25,,,,,
2026-06-01,2026-06-01,FO,NSE,IDO,64488,,NIFTYNXT50,,2026-07-28,2026-07-28,62200.00,CE,NIFTYNXT5026JUL62200CE,0.00,0.00,0.00,9669.65,0.00,9669.65,69921.85,8593.70,0,0,0,0.00,0,F1,25,,,,,
2026-06-01,2026-06-01,FO,NSE,IDO,64577,,NIFTYNXT50,,2026-07-28,2026-07-28,65700.00,CE,NIFTYNXT5026JUL65700CE,0.00,0.00,0.00,6841.50,0.00,6841.50,69921.85,5643.80,0,0,0,0.00,0,F1,25,,,,,
2026-06-01,2026-06-01,FO,NSE,IDO,64779,,NIFTYNXT50,,2026-07-28,2026-07-28,73500.00,CE,NIFTYNXT5026JUL73500CE,0.00,0.00,0.00,2432.10,0.00,2432.10,69921.85,1411.35,0,0,0,0.00,0,F1,25,,,,,
2026-06-01,2026-06-01,FO,NSE,IDO,64811,,NIFTYNXT50,,2026-07-28,2026-07-28,74400.00,CE,NIFTYNXT5026JUL74400CE,0.00,0.00,0.00,2105.95,0.00,2105.95,69921.85,1150.95,0,0,0,0.00,0,F1,25,,,,,
2026-06-01,2026-06-01,FO,NSE,IDO,64815,,NIFTYNXT50,,2026-07-28,2026-07-28,74600.00,CE,NIFTYNXT5026JUL74600CE,0.00,0.00,0.00,2038.25,0.00,2038.25,69921.85,1098.55,0,0,0,0.00,0,F1,25,,,,,
2026-06-01,2026-06-01,FO,NSE,IDO,64829,,NIFTYNXT50,,2026-07-28,2026-07-28,75200.00,CE,NIFTYNXT5026JUL75200CE,0.00,0.00,0.00,1845.00,0.00,1845.00,69921.85,956.45,0,0,0,0.00,0,F1,25,,,,,
2026-06-01,2026-06-01,FO,NSE,IDO,64843,,NIFTYNXT50,,2026-07-28,2026-07-28,75800.00,CE,NIFTYNXT5026JUL75800CE,0.00,0.00,0.00,1666.30,0.00,1666.30,69921.85,823.95,0,0,0,0.00,0,F1,25,,,,,
2026-06-01,2026-06-01,FO,NSE,IDO,64849,,NIFTYNXT50,,2026-07-28,2026-07-28,76100.00,CE,NIFTYNXT5026JUL76100CE,0.00,0.00,0.00,1582.25,0.00,1582.25,69921.85,764.60,0,0,0,0.00,0,F1,25,,,,,
2026-06-01,2026-06-01,FO,NSE,IDO,64853,,NIFTYNXT50,,2026-07-28,2026-07-28,76200.00,CE,NIFTYNXT5026JUL76200CE,0.00,0.00,0.00,1554.95,0.00,1554.95,69921.85,745.65,0,0,0,0.00,0,F1,25,,,,,
2026-06-01,2026-06-01,FO,NSE,IDO,64874,,NIFTYNXT50,,2026-07-28,2026-07-28,77100.00,CE,NIFTYNXT5026JUL77100CE,0.00,0.00,0.00,1329.55,0.00,1329.55,69921.85,591.65,0,0,0,0.00,0,F1,25,,,,,
2026-06-01,2026-06-01,FO,NSE,IDO,64896,,NIFTYNXT50,,2026-07-28,2026-07-28,77700.00,CE,NIFTYNXT5026JUL77700CE,0.00,0.00,0.00,1193.45,0.00,1193.45,69921.85,504.50,0,0,0,0.00,0,F1,25,,,,,
2026-06-01,2026-06-01,FO,NSE,IDO,64898,,NIFTYNXT50,,2026-07-28,2026-07-28,77800.00,CE,NIFTYNXT5026JUL77800CE,0.00,0.00,0.00,1169.05,0.00,1169.05,69921.85,491.10,0,0,0,0.00,0,F1,25,,,,,
2026-06-01,2026-06-01,FO,NSE,IDO,64950,,NIFTYNXT50,,2026-07-28,2026-07-28,79500.00,CE,NIFTYNXT5026JUL79500CE,0.00,0.00,0.00,848.00,0.00,848.00,69921.85,305.30,0,0,0,0.00,0,F1,25,,,,,
2026-06-01,2026-06-01,FO,NSE,IDO,64318,,NIFTYNXT50,,2026-08-25,2026-08-25,63700.00,CE,NIFTYNXT5026AUG63700CE,0.00,0.00,0.00,8732.00,0.00,8732.00,69921.85,7850.70,0,0,0,0.00,0,F1,25,,,,,
2026-06-01,2026-06-01,FO,NSE,IDO,64330,,NIFTYNXT50,,2026-08-25,2026-08-25,64100.00,CE,NIFTYNXT5026AUG64100CE,0.00,0.00,0.00,8401.15,0.00,8401.15,69921.85,7529.10,0,0,0,0.00,0,F1,25,,,,,
2026-06-01,2026-06-01,FO,NSE,IDO,64332,,NIFTYNXT50,,2026-08-25,2026-08-25,64200.00,CE,NIFTYNXT5026AUG64200CE,0.00,0.00,0.00,8319.30,0.00,8319.30,69921.85,7449.65,0,0,0,0.00,0,F1,25,,,,,
2026-06-01,2026-06-01,FO,NSE,IDO,64721,,NIFTYNXT50,,2026-08-25,2026-08-25,68100.00,CE,NIFTYNXT5026AUG68100CE,0.00,0.00,0.00,5426.15,0.00,5426.15,69921.85,4681.70,0,0,0,0.00,0,F1,25,,,,,
2026-06-01,2026-06-01,FO,NSE,IDO,64795,,NIFTYNXT50,,2026-08-25,2026-08-25,69000.00,CE,NIFTYNXT5026AUG69000CE,0.00,0.00,0.00,4853.05,0.00,4853.05,69921.85,4145.25,0,0,0,0.00,0,F1,25,,,,,
2026-06-01,2026-06-01,FO,NSE,IDO,64799,,NIFTYNXT50,,2026-08-25,2026-08-25,69200.00,CE,NIFTYNXT5026AUG69200CE,0.00,0.00,0.00,4730.85,0.00,4730.85,69921.85,4031.60,0,0,0,0.00,0,F1,25,,,,,
2026-06-01,2026-06-01,FO,NSE,IDO,64880,,NIFTYNXT50,,2026-08-25,2026-08-25,69800.00,CE,NIFTYNXT5026AUG69800CE,0.00,0.00,0.00,4375.85,0.00,4375.85,69921.85,3702.65,0,0,0,0.00,0,F1,25,,,,,
2026-06-01,2026-06-01,FO,NSE,IDO,65087,,NIFTYNXT50,,2026-08-25,2026-08-25,73000.00,CE,NIFTYNXT5026AUG73000CE,0.00,0.00,0.00,2776.15,0.00,2776.15,69921.85,2252.30,0,0,0,0.00,0,F1,25,,,,,
2026-06-01,2026-06-01,FO,NSE,IDO,65205,,NIFTYNXT50,,2026-08-25,2026-08-25,74200.00,CE,NIFTYNXT5026AUG74200CE,0.00,0.00,0.00,2301.10,0.00,2301.10,69921.85,1834.45,0,0,0,0.00,0,F1,25,,,,,
2026-06-01,2026-06-01,FO,NSE,IDO,65365,,NIFTYNXT50,,2026-08-25,2026-08-25,76000.00,CE,NIFTYNXT5026AUG76000CE,0.00,0.00,0.00,1706.45,0.00,1706.45,69921.85,1325.90,0,0,0,0.00,0,F1,25,,,,,
2026-06-01,2026-06-01,FO,NSE,IDO,65408,,NIFTYNXT50,,2026-08-25,2026-08-25,77300.00,CE,NIFTYNXT5026AUG77300CE,0.00,0.00,0.00,1360.70,0.00,1360.70,69921.85,1031.45,0,0,0,0.00,0,F1,25,,,,,
2026-06-01,2026-06-01,FO,NSE,IDO,65505,,NIFTYNXT50,,2026-08-25,2026-08-25,77600.00,CE,NIFTYNXT5026AUG77600CE,0.00,0.00,0.00,1289.30,0.00,1289.30,69921.85,972.10,0,0,0,0.00,0,F1,25,,,,,
2026-06-01,2026-06-01,FO,NSE,IDO,65634,,NIFTYNXT50,,2026-08-25,2026-08-25,79000.00,CE,NIFTYNXT5026AUG79000CE,0.00,0.00,0.00,991.90,0.00,991.90,69921.85,731.10,0,0,0,0.00,0,F1,25,,,,,
2026-06-01,2026-06-01,FO,NSE,IDO,80772,,NIFTYNXT50,,2026-06-30,2026-06-30,51000.00,PE,NIFTYNXT5026JUN51000PE,0.00,0.00,0.00,116.95,0.00,116.95,69921.85,0.00,0,0,0,0.00,0,F1,25,,,,,
2026-06-01,2026-06-01,FO,NSE,IDO,80947,,NIFTYNXT50,,2026-06-30,2026-06-30,54000.00,PE,NIFTYNXT5026JUN54000PE,0.00,0.00,0.00,377.95,0.00,377.95,69921.85,0.05,0,0,0,0.00,0,F1,25,,,,,
2026-06-01,2026-06-01,FO,NSE,IDO,81014,,NIFTYNXT50,,2026-06-30,2026-06-30,55500.00,PE,NIFTYNXT5026JUN55500PE,0.00,0.00,0.00,617.60,0.00,617.60,69921.85,0.15,0,0,0,0.00,0,F1,25,,,,,
2026-06-01,2026-06-01,FO,NSE,IDO,81283,,NIFTYNXT50,,2026-06-30,2026-06-30,58300.00,PE,NIFTYNXT5026JUN58300PE,0.00,0.00,0.00,1339.25,0.00,1339.25,69921.85,2.30,0,0,0,0.00,0,F1,25,,,,,
2026-06-01,2026-06-01,FO,NSE,IDO,81317,,NIFTYNXT50,,2026-06-30,2026-06-30,59000.00,PE,NIFTYNXT5026JUN59000PE,0.00,0.00,0.00,1585.00,0.00,1585.00,69921.85,4.35,0,0,0,0.00,0,F1,25,,,,,
2026-06-01,2026-06-01,FO,NSE,IDO,81340,,NIFTYNXT50,,2026-06-30,2026-06-30,59500.00,PE,NIFTYNXT5026JUN59500PE,0.00,0.00,0.00,1777.60,0.00,1777.60,69921.85,6.60,0,0,0,0.00,0,F1,25,,,,,
2026-06-01,2026-06-01,FO,NSE,IDO,81504,,NIFTYNXT50,,2026-06-30,2026-06-30,62400.00,PE,NIFTYNXT5026JUN62400PE,0.00,0.00,0.00,3179.70,0.00,3179.70,69921.85,55.40,0,0,0,0.00,0,F1,25,,,,,
2026-06-01,2026-06-01,FO,NSE,IDO,81506,,NIFTYNXT50,,2026-06-30,2026-06-30,62500.00,PE,NIFTYNXT5026JUN62500PE,0.00,0.00,0.00,3236.65,0.00,3236.65,69921.85,59.05,0,0,0,0.00,0,F1,25,,,,,
2026-06-01,2026-06-01,FO,NSE,IDO,81510,,NIFTYNXT50,,2026-06-30,2026-06-30,62700.00,PE,NIFTYNXT5026JUN62700PE,0.00,0.00,0.00,3352.15,0.00,3352.15,69921.85,67.00,0,0,0,0.00,0,F1,25,,,,,
2026-06-01,2026-06-01,FO,NSE,IDO,81671,,NIFTYNXT50,,2026-06-30,2026-06-30,65600.00,PE,NIFTYNXT5026JUN65600PE,0.00,0.00,0.00,5259.90,0.00,5259.90,69921.85,322.65,0,0,0,0.00,0,F1,25,,,,,
2026-06-01,2026-06-01,FO,NSE,IDO,81768,,NIFTYNXT50,,2026-06-30,2026-06-30,67000.00,PE,NIFTYNXT5026JUN67000PE,489.00,489.00,489.00,489.00,489.00,6320.25,69921.85,489.00,25,25,1,1687225.00,1,F1,25,,,,,
2026-06-01,2026-06-01,FO,NSE,IDO,81892,,NIFTYNXT50,,2026-06-30,2026-06-30,69400.00,PE,NIFTYNXT5026JUN69400PE,0.00,0.00,0.00,8298.15,0.00,8298.15,69921.85,1394.55,0,0,0,0.00,0,F1,25,,,,,
2026-06-01,2026-06-01,FO,NSE,IDO,81975,,NIFTYNXT50,,2026-06-30,2026-06-30,70400.00,PE,NIFTYNXT5026JUN70400PE,1405.85,1405.85,899.55,899.55,899.55,9170.30,69921.85,1873.30,0,0,4,7155270.00,2,F1,25,,,,,
2026-06-01,2026-06-01,FO,NSE,IDO,81999,,NIFTYNXT50,,2026-06-30,2026-06-30,71600.00,PE,NIFTYNXT5026JUN71600PE,0.00,0.00,0.00,10245.60,0.00,10245.60,69921.85,2562.55,0,0,0,0.00,0,F1,25,,,,,
2026-06-01,2026-06-01,FO,NSE,IDO,82011,,NIFTYNXT50,,2026-06-30,2026-06-30,72100.00,PE,NIFTYNXT5026JUN72100PE,0.00,0.00,0.00,10701.55,0.00,10701.55,69921.85,2884.95,0,0,0,0.00,0,F1,25,,,,,
2026-06-01,2026-06-01,FO,NSE,IDO,35289,,NIFTYNXT50,,2026-06-30,2026-06-30,73300.00,PE,NIFTYNXT5026JUN73300PE,0.00,0.00,0.00,10388.85,0.00,10388.85,69921.85,3739.00,0,0,0,0.00,0,F1,25,,,,,
2026-06-01,2026-06-01,FO,NSE,IDO,35307,,NIFTYNXT50,,2026-06-30,2026-06-30,73800.00,PE,NIFTYNXT5026JUN73800PE,0.00,0.00,0.00,10843.30,0.00,10843.30,69921.85,4120.25,0,0,0,0.00,0,F1,25,,,,,
2026-06-01,2026-06-01,FO,NSE,IDO,38787,,NIFTYNXT50,,2026-06-30,2026-06-30,74900.00,PE,NIFTYNXT5026JUN74900PE,0.00,0.00,0.00,11148.75,0.00,11148.75,69921.85,5015.80,0,0,0,0.00,0,F1,25,,,,,
2026-06-01,2026-06-01,FO,NSE,IDO,41003,,NIFTYNXT50,,2026-06-30,2026-06-30,76300.00,PE,NIFTYNXT5026JUN76300PE,0.00,0.00,0.00,9535.30,0.00,9535.30,69921.85,6238.70,0,0,0,0.00,0,F1,25,,,,,
2026-06-01,2026-06-01,FO,NSE,IDO,48528,,NIFTYNXT50,,2026-06-30,2026-06-30,78300.00,PE,NIFTYNXT5026JUN78300PE,0.00,0.00,0.00,11221.45,0.00,11221.45,69921.85,8096.40,0,0,0,0.00,0,F1,25,,,,,
2026-06-01,2026-06-01,FO,NSE,IDO,64525,,NIFTYNXT50,,2026-07-28,2026-07-28,63400.00,PE,NIFTYNXT5026JUL63400PE,0.00,0.00,0.00,574.70,0.00,574.70,69921.85,336.90,0,0,0,0.00,0,F1,25,,,,,
2026-06-01,2026-06-01,FO,NSE,IDO,64562,,NIFTYNXT50,,2026-07-28,2026-07-28,64900.00,PE,NIFTYNXT5026JUL64900PE,0.00,0.00,0.00,849.30,0.00,849.30,69921.85,564.65,0,0,0,0.00,0,F1,25,,,,,
2026-06-01,2026-06-01,FO,NSE,IDO,64568,,NIFTYNXT50,,2026-07-28,2026-07-28,65200.00,PE,NIFTYNXT5026JUL65200PE,0.00,0.00,0.00,914.15,0.00,914.15,69921.85,621.60,0,0,0,0.00,0,F1,25,,,,,
2026-06-01,2026-06-01,FO,NSE,IDO,64588,,NIFTYNXT50,,2026-07-28,2026-07-28,66200.00,PE,NIFTYNXT5026JUL66200PE,0.00,0.00,0.00,1158.55,0.00,1158.55,69921.85,842.65,0,0,0,0.00,0,F1,25,,,,,
2026-06-01,2026-06-01,FO,NSE,IDO,64677,,NIFTYNXT50,,2026-07-28,2026-07-28,69900.00,PE,NIFTYNXT5026JUL69900PE,0.00,0.00,0.00,2437.55,0.00,2437.55,69921.85,2146.00,0,0,0,0.00,0,F1,25,,,,,
2026-06-01,2026-06-01,FO,NSE,IDO,64682,,NIFTYNXT50,,2026-07-28,2026-07-28,70100.00,PE,NIFTYNXT5026JUL70100PE,0.00,0.00,0.00,2525.30,0.00,2525.30,69921.85,2240.15,0,0,0,0.00,0,F1,25,,,,,
2026-06-01,2026-06-01,FO,NSE,IDO,64740,,NIFTYNXT50,,2026-07-28,2026-07-28,72100.00,PE,NIFTYNXT5026JUL72100PE,0.00,0.00,0.00,3508.30,0.00,3508.30,69921.85,3317.05,0,0,0,0.00,0,F1,25,,,,,
2026-06-01,2026-06-01,FO,NSE,IDO,64784,,NIFTYNXT50,,2026-07-28,2026-07-28,73700.00,PE,NIFTYNXT5026JUL73700PE,0.00,0.00,0.00,4430.30,0.00,4430.30,69921.85,4347.30,0,0,0,0.00,0,F1,25,,,,,
2026-06-01,2026-06-01,FO,NSE,IDO,64830,,NIFTYNXT50,,2026-07-28,2026-07-28,75200.00,PE,NIFTYNXT5026JUL75200PE,0.00,0.00,0.00,5397.20,0.00,5397.20,69921.85,5437.90,0,0,0,0.00,0,F1,25,,,,,
2026-06-01,2026-06-01,FO,NSE,IDO,64854,,NIFTYNXT50,,2026-07-28,2026-07-28,76200.00,PE,NIFTYNXT5026JUL76200PE,0.00,0.00,0.00,6092.80,0.00,6092.80,69921.85,6216.55,0,0,0,0.00,0,F1,25,,,,,
2026-06-01,2026-06-01,FO,NSE,IDO,65005,,NIFTYNXT50,,2026-07-28,2026-07-28,81000.00,PE,NIFTYNXT5026JUL81000PE,0.00,0.00,0.00,9898.60,0.00,9898.60,69921.85,10415.50,0,0,0,0.00,0,F1,25,,,,,
2026-06-01,2026-06-01,FO,NSE,IDO,64345,,NIFTYNXT50,,2026-08-25,2026-08-25,64600.00,PE,NIFTYNXT5026AUG64600PE,0.00,0.00,0.00,695.75,0.00,695.75,69921.85,795.85,0,0,0,0.00,0,F1,25,,,,,
2026-06-01,2026-06-01,FO,NSE,IDO,64371,,NIFTYNXT50,,2026-08-25,2026-08-25,65100.00,PE,NIFTYNXT5026AUG65100PE,0.00,0.00,0.00,791.30,0.00,791.30,69921.85,904.40,0,0,0,0.00,0,F1,25,,,,,
2026-06-01,2026-06-01,FO,NSE,IDO,64447,,NIFTYNXT50,,2026-08-25,2026-08-25,65500.00,PE,NIFTYNXT5026AUG65500PE,0.00,0.00,0.00,874.50,0.00,874.50,69921.85,998.65,0,0,0,0.00,0,F1,25,,,,,
2026-06-01,2026-06-01,FO,NSE,IDO,65638,,NIFTYNXT50,,2026-08-25,2026-08-25,79100.00,PE,NIFTYNXT5026AUG79100PE,0.00,0.00,0.00,7959.45,0.00,7959.45,69921.85,8647.80,0,0,0,0.00,0,F1,25,,,,,
2026-06-01,2026-06-01,FO,NSE,IDO,65409,,NIFTYNXT50,,2026-08-25,2026-08-25,77300.00,PE,NIFTYNXT5026AUG77300PE,0.00,0.00,0.00,6573.55,0.00,6573.55,69921.85,7191.60,0,0,0,0.00,0,F1,25,,,,,
2026-06-01,2026-06-01,FO,NSE,IDO,65358,,NIFTYNXT50,,2026-08-25,2026-08-25,75600.00,PE,NIFTYNXT5026AUG75600PE,0.00,0.00,0.00,5364.95,0.00,5364.95,69921.85,5912.25,0,0,0,0.00,0,F1,25,,,,,
2026-06-01,2026-06-01,FO,NSE,IDO,65234,,NIFTYNXT50,,2026-08-25,2026-08-25,74500.00,PE,NIFTYNXT5026AUG74500PE,0.00,0.00,0.00,4646.70,0.00,4646.70,69921.85,5144.20,0,0,0,0.00,0,F1,25,,,,,
2026-06-01,2026-06-01,FO,NSE,IDO,80981,,NIFTYNXT50,,2026-06-30,2026-06-30,54700.00,CE,NIFTYNXT5026JUN54700CE,0.00,0.00,0.00,7108.35,0.00,7108.35,69921.85,15482.90,0,0,0,0.00,0,F1,25,,,,,
2026-06-01,2026-06-01,FO,NSE,IDO,81239,,NIFTYNXT50,,2026-06-30,2026-06-30,57400.00,CE,NIFTYNXT5026JUN57400CE,0.00,0.00,0.00,5043.65,0.00,5043.65,69921.85,12796.75,0,0,0,0.00,0,F1,25,,,,,
2026-06-01,2026-06-01,FO,NSE,IDO,81267,,NIFTYNXT50,,2026-06-30,2026-06-30,58100.00,CE,NIFTYNXT5026JUN58100CE,0.00,0.00,0.00,4564.60,0.00,4564.60,69921.85,12101.00,0,0,0,0.00,0,F1,25,,,,,
2026-06-01,2026-06-01,FO,NSE,IDO,81343,,NIFTYNXT50,,2026-06-30,2026-06-30,59700.00,CE,NIFTYNXT5026JUN59700CE,0.00,0.00,0.00,3577.85,0.00,3577.85,69921.85,10514.50,0,0,0,0.00,0,F1,25,,,,,
2026-06-01,2026-06-01,FO,NSE,IDO,81361,,NIFTYNXT50,,2026-06-30,2026-06-30,60400.00,CE,NIFTYNXT5026JUN60400CE,0.00,0.00,0.00,3192.45,0.00,3192.45,69921.85,9823.65,0,0,0,0.00,0,F1,25,,,,,
2026-06-01,2026-06-01,FO,NSE,IDO,81414,,NIFTYNXT50,,2026-06-30,2026-06-30,61700.00,CE,NIFTYNXT5026JUN61700CE,0.00,0.00,0.00,2551.95,0.00,2551.95,69921.85,8551.15,0,0,0,0.00,0,F1,25,,,,,
2026-06-01,2026-06-01,FO,NSE,IDO,81513,,NIFTYNXT50,,2026-06-30,2026-06-30,62900.00,CE,NIFTYNXT5026JUN62900CE,0.00,0.00,0.00,2046.40,0.00,2046.40,69921.85,7397.75,0,0,0,0.00,0,F1,25,,,,,
2026-06-01,2026-06-01,FO,NSE,IDO,81563,,NIFTYNXT50,,2026-06-30,2026-06-30,63400.00,CE,NIFTYNXT5026JUN63400CE,0.00,0.00,0.00,1859.05,0.00,1859.05,69921.85,6926.45,0,0,0,0.00,0,F1,25,,,,,
2026-06-01,2026-06-01,FO,NSE,IDO,81569,,NIFTYNXT50,,2026-06-30,2026-06-30,63700.00,CE,NIFTYNXT5026JUN63700CE,0.00,0.00,0.00,1752.95,0.00,1752.95,69921.85,6647.05,0,0,0,0.00,0,F1,25,,,,,
2026-06-01,2026-06-01,FO,NSE,IDO,81630,,NIFTYNXT50,,2026-06-30,2026-06-30,64600.00,CE,NIFTYNXT5026JUN64600CE,0.00,0.00,0.00,1462.25,0.00,1462.25,69921.85,5827.40,0,0,0,0.00,0,F1,25,,,,,
2026-06-01,2026-06-01,FO,NSE,IDO,81741,,NIFTYNXT50,,2026-06-30,2026-06-30,66800.00,CE,NIFTYNXT5026JUN66800CE,0.00,0.00,0.00,910.55,0.00,910.55,69921.85,3987.25,0,0,0,0.00,0,F1,25,,,,,
2026-06-01,2026-06-01,FO,NSE,IDO,81974,,NIFTYNXT50,,2026-06-30,2026-06-30,70400.00,CE,NIFTYNXT5026JUN70400CE,0.00,0.00,0.00,381.15,0.00,381.15,69921.85,1731.10,0,0,0,0.00,0,F1,25,,,,,
2026-06-01,2026-06-01,FO,NSE,IDO,81978,,NIFTYNXT50,,2026-06-30,2026-06-30,70600.00,CE,NIFTYNXT5026JUN70600CE,0.00,0.00,0.00,361.95,0.00,361.95,69921.85,1638.35,0,0,0,0.00,0,F1,25,,,,,
2026-06-01,2026-06-01,FO,NSE,IDO,81984,,NIFTYNXT50,,2026-06-30,2026-06-30,70900.00,CE,NIFTYNXT5026JUN70900CE,0.00,0.00,0.00,334.70,0.00,334.70,69921.85,1505.75,0,0,0,0.00,0,F1,25,,,,,
2026-06-01,2026-06-01,FO,NSE,IDO,81994,,NIFTYNXT50,,2026-06-30,2026-06-30,71400.00,CE,NIFTYNXT5026JUN71400CE,0.00,0.00,0.00,293.25,0.00,293.25,69921.85,1301.80,0,0,0,0.00,0,F1,25,,,,,
2026-06-01,2026-06-01,FO,NSE,IDO,35308,,NIFTYNXT50,,2026-06-30,2026-06-30,73900.00,CE,NIFTYNXT5026JUN73900CE,0.00,0.00,0.00,256.75,0.00,256.75,69921.85,573.30,0,0,0,0.00,0,F1,25,,,,,
2026-06-01,2026-06-01,FO,NSE,IDO,40994,,NIFTYNXT50,,2026-06-30,2026-06-30,75800.00,CE,NIFTYNXT5026JUN75800CE,0.00,0.00,0.00,528.80,0.00,528.80,69921.85,276.40,0,0,0,0.00,0,F1,25,,,,,
2026-06-01,2026-06-01,FO,NSE,IDO,40996,,NIFTYNXT50,,2026-06-30,2026-06-30,75900.00,CE,NIFTYNXT5026JUN75900CE,0.00,0.00,0.00,516.80,0.00,516.80,69921.85,265.30,0,0,0,0.00,0,F1,25,,,,,
2026-06-01,2026-06-01,FO,NSE,IDO,41014,,NIFTYNXT50,,2026-06-30,2026-06-30,76900.00,CE,NIFTYNXT5026JUN76900CE,0.00,0.00,0.00,408.90,0.00,408.90,69921.85,173.60,0,0,0,0.00,0,F1,25,,,,,
2026-06-01,2026-06-01,FO,NSE,IDO,48515,,NIFTYNXT50,,2026-06-30,2026-06-30,78200.00,CE,NIFTYNXT5026JUN78200CE,0.00,0.00,0.00,297.85,0.00,297.85,69921.85,96.30,0,0,0,0.00,0,F1,25,,,,,
2026-06-01,2026-06-01,FO,NSE,IDO,64413,,NIFTYNXT50,,2026-07-28,2026-07-28,59500.00,CE,NIFTYNXT5026JUL59500CE,0.00,0.00,0.00,12092.95,0.00,12092.95,69921.85,11116.30,0,0,0,0.00,0,F1,25,,,,,
2026-06-01,2026-06-01,FO,NSE,IDO,64435,,NIFTYNXT50,,2026-07-28,2026-07-28,60500.00,CE,NIFTYNXT5026JUL60500CE,0.00,0.00,0.00,11176.75,0.00,11176.75,69921.85,10165.70,0,0,0,0.00,0,F1,25,,,,,
2026-06-01,2026-06-01,FO,NSE,IDO,64475,,NIFTYNXT50,,2026-07-28,2026-07-28,61800.00,CE,NIFTYNXT5026JUL61800CE,0.00,0.00,0.00,10017.75,0.00,10017.75,69921.85,8957.50,0,0,0,0.00,0,F1,25,,,,,
2026-06-01,2026-06-01,FO,NSE,IDO,64522,,NIFTYNXT50,,2026-07-28,2026-07-28,63300.00,CE,NIFTYNXT5026JUL63300CE,0.00,0.00,0.00,8736.10,0.00,8736.10,69921.85,7617.25,0,0,0,0.00,0,F1,25,,,,,
2026-06-01,2026-06-01,FO,NSE,IDO,64549,,NIFTYNXT50,,2026-07-28,2026-07-28,64300.00,CE,NIFTYNXT5026JUL64300CE,0.00,0.00,0.00,7921.15,0.00,7921.15,69921.85,6765.65,0,0,0,0.00,0,F1,25,,,,,
2026-06-01,2026-06-01,FO,NSE,IDO,64585,,NIFTYNXT50,,2026-07-28,2026-07-28,66100.00,CE,NIFTYNXT5026JUL66100CE,0.00,0.00,0.00,6549.75,0.00,6549.75,69921.85,5340.40,0,0,0,0.00,0,F1,25,,,,,
2026-06-01,2026-06-01,FO,NSE,IDO,64589,,NIFTYNXT50,,2026-07-28,2026-07-28,66300.00,CE,NIFTYNXT5026JUL66300CE,0.00,0.00,0.00,6404.95,0.00,6404.95,69921.85,5194.45,0,0,0,0.00,0,F1,25,,,,,
2026-06-01,2026-06-01,FO,NSE,IDO,64605,,NIFTYNXT50,,2026-07-28,2026-07-28,67100.00,CE,NIFTYNXT5026JUL67100CE,0.00,0.00,0.00,5840.65,0.00,5840.65,69921.85,4617.90,0,0,0,0.00,0,F1,25,,,,,
2026-06-01,2026-06-01,FO,NSE,IDO,64621,,NIFTYNXT50,,2026-07-28,2026-07-28,67700.00,CE,NIFTYNXT5026JUL67700CE,0.00,0.00,0.00,5438.75,0.00,5438.75,69921.85,4211.95,0,0,0,0.00,0,F1,25,,,,,
2026-06-01,2026-06-01,FO,NSE,IDO,64637,,NIFTYNXT50,,2026-07-28,2026-07-28,68400.00,CE,NIFTYNXT5026JUL68400CE,0.00,0.00,0.00,4990.90,0.00,4990.90,69921.85,3765.10,0,0,0,0.00,0,F1,25,,,,,
2026-06-01,2026-06-01,FO,NSE,IDO,64687,,NIFTYNXT50,,2026-07-28,2026-07-28,70200.00,CE,NIFTYNXT5026JUL70200CE,0.00,0.00,0.00,3945.90,0.00,3945.90,69921.85,2753.75,0,0,0,0.00,0,F1,25,,,,,
2026-06-01,2026-06-01,FO,NSE,IDO,64730,,NIFTYNXT50,,2026-07-28,2026-07-28,71800.00,CE,NIFTYNXT5026JUL71800CE,0.00,0.00,0.00,3147.65,0.00,3147.65,69921.85,2022.60,0,0,0,0.00,0,F1,25,,,,,
2026-06-01,2026-06-01,FO,NSE,IDO,64733,,NIFTYNXT50,,2026-07-28,2026-07-28,71900.00,CE,NIFTYNXT5026JUL71900CE,0.00,0.00,0.00,3101.80,0.00,3101.80,69921.85,1982.05,0,0,0,0.00,0,F1,25,,,,,
2026-06-01,2026-06-01,FO,NSE,IDO,64761,,NIFTYNXT50,,2026-07-28,2026-07-28,72800.00,CE,NIFTYNXT5026JUL72800CE,0.00,0.00,0.00,2710.60,0.00,2710.60,69921.85,1643.35,0,0,0,0.00,0,F1,25,,,,,
2026-06-01,2026-06-01,FO,NSE,IDO,64774,,NIFTYNXT50,,2026-07-28,2026-07-28,73400.00,CE,NIFTYNXT5026JUL73400CE,0.00,0.00,0.00,2470.50,0.00,2470.50,69921.85,1442.90,0,0,0,0.00,0,F1,25,,,,,
2026-06-01,2026-06-01,FO,NSE,IDO,64821,,NIFTYNXT50,,2026-07-28,2026-07-28,74900.00,CE,NIFTYNXT5026JUL74900CE,0.00,0.00,0.00,1939.75,0.00,1939.75,69921.85,1026.85,0,0,0,0.00,0,F1,25,,,,,
2026-06-01,2026-06-01,FO,NSE,IDO,64841,,NIFTYNXT50,,2026-07-28,2026-07-28,75700.00,CE,NIFTYNXT5026JUL75700CE,0.00,0.00,0.00,1695.10,0.00,1695.10,69921.85,844.55,0,0,0,0.00,0,F1,25,,,,,
2026-06-01,2026-06-01,FO,NSE,IDO,64986,,NIFTYNXT50,,2026-07-28,2026-07-28,80500.00,CE,NIFTYNXT5026JUL80500CE,0.00,0.00,0.00,696.35,0.00,696.35,69921.85,227.40,0,0,0,0.00,0,F1,25,,,,,
2026-06-01,2026-06-01,FO,NSE,IDO,64308,,NIFTYNXT50,,2026-08-25,2026-08-25,63200.00,CE,NIFTYNXT5026AUG63200CE,0.00,0.00,0.00,9152.75,0.00,9152.75,69921.85,8260.80,0,0,0,0.00,0,F1,25,,,,,
2026-06-01,2026-06-01,FO,NSE,IDO,64339,,NIFTYNXT50,,2026-08-25,2026-08-25,64400.00,CE,NIFTYNXT5026AUG64400CE,0.00,0.00,0.00,8156.55,0.00,8156.55,69921.85,7291.85,0,0,0,0.00,0,F1,25,,,,,
2026-06-01,2026-06-01,FO,NSE,IDO,64366,,NIFTYNXT50,,2026-08-25,2026-08-25,64900.00,CE,NIFTYNXT5026AUG64900CE,0.00,0.00,0.00,7755.90,0.00,7755.90,69921.85,6904.20,0,0,0,0.00,0,F1,25,,,,,
2026-06-01,2026-06-01,FO,NSE,IDO,64464,,NIFTYNXT50,,2026-08-25,2026-08-25,65900.00,CE,NIFTYNXT5026AUG65900CE,0.00,0.00,0.00,6982.60,0.00,6982.60,69921.85,6162.35,0,0,0,0.00,0,F1,25,,,,,
2026-06-01,2026-06-01,FO,NSE,IDO,64518,,NIFTYNXT50,,2026-08-25,2026-08-25,66700.00,CE,NIFTYNXT5026AUG66700CE,0.00,0.00,0.00,6395.00,0.00,6395.00,69921.85,5595.25,0,0,0,0.00,0,F1,25,,,,,
2026-06-01,2026-06-01,FO,NSE,IDO,64892,,NIFTYNXT50,,2026-08-25,2026-08-25,70100.00,CE,NIFTYNXT5026AUG70100CE,0.00,0.00,0.00,4204.90,0.00,4204.90,69921.85,3545.05,0,0,0,0.00,0,F1,25,,,,,
2026-06-01,2026-06-01,FO,NSE,IDO,64907,,NIFTYNXT50,,2026-08-25,2026-08-25,70200.00,CE,NIFTYNXT5026AUG70200CE,0.00,0.00,0.00,4148.85,0.00,4148.85,69921.85,3493.50,0,0,0,0.00,0,F1,25,,,,,
2026-06-01,2026-06-01,FO,NSE,IDO,64914,,NIFTYNXT50,,2026-08-25,2026-08-25,70400.00,CE,NIFTYNXT5026AUG70400CE,0.00,0.00,0.00,4038.25,0.00,4038.25,69921.85,3391.95,0,0,0,0.00,0,F1,25,,,,,
2026-06-01,2026-06-01,FO,NSE,IDO,64960,,NIFTYNXT50,,2026-08-25,2026-08-25,71000.00,CE,NIFTYNXT5026AUG71000CE,0.00,0.00,0.00,3718.15,0.00,3718.15,69921.85,3099.15,0,0,0,0.00,0,F1,25,,,,,
2026-06-01,2026-06-01,FO,NSE,IDO,64964,,NIFTYNXT50,,2026-08-25,2026-08-25,71100.00,CE,NIFTYNXT5026AUG71100CE,0.00,0.00,0.00,3666.50,0.00,3666.50,69921.85,3052.15,0,0,0,0.00,0,F1,25,,,,,
2026-06-01,2026-06-01,FO,NSE,IDO,64978,,NIFTYNXT50,,2026-08-25,2026-08-25,71300.00,CE,NIFTYNXT5026AUG71300CE,0.00,0.00,0.00,3564.65,0.00,3564.65,69921.85,2959.65,0,0,0,0.00,0,F1,25,,,,,
2026-06-01,2026-06-01,FO,NSE,IDO,65012,,NIFTYNXT50,,2026-08-25,2026-08-25,71800.00,CE,NIFTYNXT5026AUG71800CE,0.00,0.00,0.00,3318.20,0.00,3318.20,69921.85,2737.05,0,0,0,0.00,0,F1,25,,,,,
2026-06-01,2026-06-01,FO,NSE,IDO,65038,,NIFTYNXT50,,2026-08-25,2026-08-25,72300.00,CE,NIFTYNXT5026AUG72300CE,0.00,0.00,0.00,3084.05,0.00,3084.05,69921.85,2526.70,0,0,0,0.00,0,F1,25,,,,,
2026-06-01,2026-06-01,FO,NSE,IDO,65151,,NIFTYNXT50,,2026-08-25,2026-08-25,73700.00,CE,NIFTYNXT5026AUG73700CE,0.00,0.00,0.00,2491.10,0.00,2491.10,69921.85,2000.70,0,0,0,0.00,0,F1,25,,,,,
2026-06-01,2026-06-01,FO,NSE,IDO,65235,,NIFTYNXT50,,2026-08-25,2026-08-25,74600.00,CE,NIFTYNXT5026AUG74600CE,0.00,0.00,0.00,2157.10,0.00,2157.10,69921.85,1709.25,0,0,0,0.00,0,F1,25,,,,,
2026-06-01,2026-06-01,FO,NSE,IDO,65402,,NIFTYNXT50,,2026-08-25,2026-08-25,77000.00,CE,NIFTYNXT5026AUG77000CE,0.00,0.00,0.00,1432.35,0.00,1432.35,69921.85,1093.80,0,0,0,0.00,0,F1,25,,,,,
2026-06-01,2026-06-01,FO,NSE,IDO,65610,,NIFTYNXT50,,2026-08-25,2026-08-25,78700.00,PE,NIFTYNXT5026AUG78700PE,0.00,0.00,0.00,7642.10,0.00,7642.10,69921.85,8316.10,0,0,0,0.00,0,F1,25,,,,,
2026-06-01,2026-06-01,FO,NSE,IDO,65604,,NIFTYNXT50,,2026-08-25,2026-08-25,78400.00,PE,NIFTYNXT5026AUG78400PE,0.00,0.00,0.00,7407.35,0.00,7407.35,69921.85,8070.25,0,0,0,0.00,0,F1,25,,,,,
2026-06-01,2026-06-01,FO,NSE,IDO,65510,,NIFTYNXT50,,2026-08-25,2026-08-25,77800.00,PE,NIFTYNXT5026AUG77800PE,0.00,0.00,0.00,6948.95,0.00,6948.95,69921.85,7586.35,0,0,0,0.00,0,F1,25,,,,,
2026-06-01,2026-06-01,FO,NSE,IDO,65381,,NIFTYNXT50,,2026-08-25,2026-08-25,76000.00,PE,NIFTYNXT5026AUG76000PE,0.00,0.00,0.00,5638.55,0.00,5638.55,69921.85,6206.55,0,0,0,0.00,0,F1,25,,,,,
2026-06-01,2026-06-01,FO,NSE,IDO,65410,,NIFTYNXT50,,2026-08-25,2026-08-25,77400.00,CE,NIFTYNXT5026AUG77400CE,0.00,0.00,0.00,1336.55,0.00,1336.55,69921.85,1011.35,0,0,0,0.00,0,F1,25,,,,,
2026-06-01,2026-06-01,FO,NSE,IDO,65509,,NIFTYNXT50,,2026-08-25,2026-08-25,77800.00,CE,NIFTYNXT5026AUG77800CE,0.00,0.00,0.00,1243.45,0.00,1243.45,69921.85,934.10,0,0,0,0.00,0,F1,25,,,,,
2026-06-01,2026-06-01,FO,NSE,IDO,80831,,NIFTYNXT50,,2026-06-30,2026-06-30,51500.00,PE,NIFTYNXT5026JUN51500PE,0.00,0.00,0.00,145.00,0.00,145.00,69921.85,0.00,0,0,0,0.00,0,F1,25,,,,,
2026-06-01,2026-06-01,FO,NSE,IDO,80973,,NIFTYNXT50,,2026-06-30,2026-06-30,54400.00,PE,NIFTYNXT5026JUN54400PE,0.00,0.00,0.00,433.30,0.00,433.30,69921.85,0.05,0,0,0,0.00,0,F1,25,,,,,
2026-06-01,2026-06-01,FO,NSE,IDO,80998,,NIFTYNXT50,,2026-06-30,2026-06-30,54900.00,PE,NIFTYNXT5026JUN54900PE,0.00,0.00,0.00,510.95,0.00,510.95,69921.85,0.10,0,0,0,0.00,0,F1,25,,,,,
2026-06-01,2026-06-01,FO,NSE,IDO,81211,,NIFTYNXT50,,2026-06-30,2026-06-30,56300.00,PE,NIFTYNXT5026JUN56300PE,0.00,0.00,0.00,784.40,0.00,784.40,69921.85,0.35,0,0,0,0.00,0,F1,25,,,,,
2026-06-01,2026-06-01,FO,NSE,IDO,81221,,NIFTYNXT50,,2026-06-30,2026-06-30,56800.00,PE,NIFTYNXT5026JUN56800PE,0.00,0.00,0.00,906.25,0.00,906.25,69921.85,0.55,0,0,0,0.00,0,F1,25,,,,,
2026-06-01,2026-06-01,FO,NSE,IDO,81372,,NIFTYNXT50,,2026-06-30,2026-06-30,60900.00,PE,NIFTYNXT5026JUN60900PE,0.00,0.00,0.00,2393.95,0.00,2393.95,69921.85,19.80,0,0,0,0.00,0,F1,25,,,,,
2026-06-01,2026-06-01,FO,NSE,IDO,81382,,NIFTYNXT50,,2026-06-30,2026-06-30,61400.00,PE,NIFTYNXT5026JUN61400PE,0.00,0.00,0.00,2641.40,0.00,2641.40,69921.85,28.35,0,0,0,0.00,0,F1,25,,,,,
2026-06-01,2026-06-01,FO,NSE,IDO,81512,,NIFTYNXT50,,2026-06-30,2026-06-30,62800.00,PE,NIFTYNXT5026JUN62800PE,0.00,0.00,0.00,3410.75,0.00,3410.75,69921.85,71.25,0,0,0,0.00,0,F1,25,,,,,
2026-06-01,2026-06-01,FO,NSE,IDO,81566,,NIFTYNXT50,,2026-06-30,2026-06-30,63500.00,PE,NIFTYNXT5026JUN63500PE,0.00,0.00,0.00,3835.90,0.00,3835.90,69921.85,108.15,0,0,0,0.00,0,F1,25,,,,,
2026-06-01,2026-06-01,FO,NSE,IDO,81661,,NIFTYNXT50,,2026-06-30,2026-06-30,65100.00,PE,NIFTYNXT5026JUN65100PE,0.00,0.00,0.00,4901.85,0.00,4901.85,69921.85,253.85,0,0,0,0.00,0,F1,25,,,,,
2026-06-01,2026-06-01,FO,NSE,IDO,81749,,NIFTYNXT50,,2026-06-30,2026-06-30,66900.00,PE,NIFTYNXT5026JUN66900PE,0.00,0.00,0.00,6242.00,0.00,6242.00,69921.85,569.55,0,0,0,0.00,0,F1,25,,,,,
2026-06-01,2026-06-01,FO,NSE,IDO,81772,,NIFTYNXT50,,2026-06-30,2026-06-30,67200.00,PE,NIFTYNXT5026JUN67200PE,0.00,0.00,0.00,6477.80,0.00,6477.80,69921.85,645.20,0,0,0,0.00,0,F1,25,,,,,
2026-06-01,2026-06-01,FO,NSE,IDO,81784,,NIFTYNXT50,,2026-06-30,2026-06-30,67800.00,PE,NIFTYNXT5026JUN67800PE,0.00,0.00,0.00,6959.00,0.00,6959.00,69921.85,807.95,0,0,0,0.00,0,F1,25,,,,,
2026-06-01,2026-06-01,FO,NSE,IDO,81788,,NIFTYNXT50,,2026-06-30,2026-06-30,68000.00,PE,NIFTYNXT5026JUN68000PE,0.00,0.00,0.00,7122.10,0.00,7122.10,69921.85,869.60,0,0,0,0.00,0,F1,25,,,,,
2026-06-01,2026-06-01,FO,NSE,IDO,81813,,NIFTYNXT50,,2026-06-30,2026-06-30,69000.00,PE,NIFTYNXT5026JUN69000PE,0.00,0.00,0.00,7956.40,0.00,7956.40,69921.85,1227.45,0,0,0,0.00,0,F1,25,,,,,
2026-06-01,2026-06-01,FO,NSE,IDO,82005,,NIFTYNXT50,,2026-06-30,2026-06-30,71900.00,PE,NIFTYNXT5026JUN71900PE,0.00,0.00,0.00,10518.65,0.00,10518.65,69921.85,2753.60,0,0,0,0.00,0,F1,25,,,,,
2026-06-01,2026-06-01,FO,NSE,IDO,35265,,NIFTYNXT50,,2026-06-30,2026-06-30,72400.00,PE,NIFTYNXT5026JUN72400PE,0.00,0.00,0.00,9582.35,0.00,9582.35,69921.85,3087.75,0,0,0,0.00,0,F1,25,,,,,
2026-06-01,2026-06-01,FO,NSE,IDO,35301,,NIFTYNXT50,,2026-06-30,2026-06-30,73700.00,PE,NIFTYNXT5026JUN73700PE,0.00,0.00,0.00,10752.05,0.00,10752.05,69921.85,4042.25,0,0,0,0.00,0,F1,25,,,,,
2026-06-01,2026-06-01,FO,NSE,IDO,38777,,NIFTYNXT50,,2026-06-30,2026-06-30,74400.00,PE,NIFTYNXT5026JUN74400PE,0.00,0.00,0.00,10688.80,0.00,10688.80,69921.85,4600.60,0,0,0,0.00,0,F1,25,,,,,
2026-06-01,2026-06-01,FO,NSE,IDO,40993,,NIFTYNXT50,,2026-06-30,2026-06-30,75700.00,PE,NIFTYNXT5026JUN75700PE,0.00,0.00,0.00,9013.95,0.00,9013.95,69921.85,5704.80,0,0,0,0.00,0,F1,25,,,,,
2026-06-01,2026-06-01,FO,NSE,IDO,41028,,NIFTYNXT50,,2026-06-30,2026-06-30,77300.00,PE,NIFTYNXT5026JUN77300PE,0.00,0.00,0.00,10421.55,0.00,10421.55,69921.85,7154.80,0,0,0,0.00,0,F1,25,,,,,
2026-06-01,2026-06-01,FO,NSE,IDO,82099,,NIFTYNXT50,,2026-06-30,2026-06-30,78000.00,PE,NIFTYNXT5026JUN78000PE,0.00,0.00,0.00,16295.40,0.00,16295.40,69921.85,7811.70,0,0,0,0.00,0,F1,25,,,,,
2026-06-01,2026-06-01,FO,NSE,IDO,64424,,NIFTYNXT50,,2026-07-28,2026-07-28,60000.00,PE,NIFTYNXT5026JUL60000PE,0.00,0.00,0.00,202.90,0.00,202.90,69921.85,81.60,0,0,0,0.00,0,F1,25,,,,,
2026-06-01,2026-06-01,FO,NSE,IDO,64469,,NIFTYNXT50,,2026-07-28,2026-07-28,61500.00,PE,NIFTYNXT5026JUL61500PE,0.00,0.00,0.00,330.50,0.00,330.50,69921.85,159.65,0,0,0,0.00,0,F1,25,,,,,
2026-06-01,2026-06-01,FO,NSE,IDO,64511,,NIFTYNXT50,,2026-07-28,2026-07-28,63100.00,PE,NIFTYNXT5026JUL63100PE,0.00,0.00,0.00,529.05,0.00,529.05,69921.85,301.60,0,0,0,0.00,0,F1,25,,,,,
2026-06-01,2026-06-01,FO,NSE,IDO,64572,,NIFTYNXT50,,2026-07-28,2026-07-28,65400.00,PE,NIFTYNXT5026JUL65400PE,0.00,0.00,0.00,959.30,0.00,959.30,69921.85,661.90,0,0,0,0.00,0,F1,25,,,,,
2026-06-01,2026-06-01,FO,NSE,IDO,64586,,NIFTYNXT50,,2026-07-28,2026-07-28,66100.00,PE,NIFTYNXT5026JUL66100PE,0.00,0.00,0.00,1132.60,0.00,1132.60,69921.85,818.30,0,0,0,0.00,0,F1,25,,,,,
2026-06-01,2026-06-01,FO,NSE,IDO,64630,,NIFTYNXT50,,2026-07-28,2026-07-28,68000.00,PE,NIFTYNXT5026JUL68000PE,0.00,0.00,0.00,1699.60,0.00,1699.60,69921.85,1374.60,0,0,0,0.00,0,F1,25,,,,,
2026-06-01,2026-06-01,FO,NSE,IDO,64642,,NIFTYNXT50,,2026-07-28,2026-07-28,68600.00,PE,NIFTYNXT5026JUL68600PE,0.00,0.00,0.00,1914.10,0.00,1914.10,69921.85,1594.25,0,0,0,0.00,0,F1,25,,,,,
2026-06-01,2026-06-01,FO,NSE,IDO,64718,,NIFTYNXT50,,2026-07-28,2026-07-28,71400.00,PE,NIFTYNXT5026JUL71400PE,0.00,0.00,0.00,3142.40,0.00,3142.40,69921.85,2912.45,0,0,0,0.00,0,F1,25,,,,,
2026-06-01,2026-06-01,FO,NSE,IDO,64729,,NIFTYNXT50,,2026-07-28,2026-07-28,71700.00,PE,NIFTYNXT5026JUL71700PE,0.00,0.00,0.00,3296.40,0.00,3296.40,69921.85,3082.30,0,0,0,0.00,0,F1,25,,,,,
2026-06-01,2026-06-01,FO,NSE,IDO,64731,,NIFTYNXT50,,2026-07-28,2026-07-28,71800.00,PE,NIFTYNXT5026JUL71800PE,0.00,0.00,0.00,3348.65,0.00,3348.65,69921.85,3140.10,0,0,0,0.00,0,F1,25,,,,,
2026-06-01,2026-06-01,FO,NSE,IDO,64760,,NIFTYNXT50,,2026-07-28,2026-07-28,72700.00,PE,NIFTYNXT5026JUL72700PE,0.00,0.00,0.00,3840.30,0.00,3840.30,69921.85,3686.70,0,0,0,0.00,0,F1,25,,,,,
2026-06-01,2026-06-01,FO,NSE,IDO,64772,,NIFTYNXT50,,2026-07-28,2026-07-28,73300.00,PE,NIFTYNXT5026JUL73300PE,0.00,0.00,0.00,4188.90,0.00,4188.90,69921.85,4076.55,0,0,0,0.00,0,F1,25,,,,,
2026-06-01,2026-06-01,FO,NSE,IDO,64824,,NIFTYNXT50,,2026-07-28,2026-07-28,75000.00,PE,NIFTYNXT5026JUL75000PE,0.00,0.00,0.00,5262.85,0.00,5262.85,69921.85,5286.50,0,0,0,0.00,0,F1,25,,,,,
2026-06-01,2026-06-01,FO,NSE,IDO,64836,,NIFTYNXT50,,2026-07-28,2026-07-28,75500.00,PE,NIFTYNXT5026JUL75500PE,0.00,0.00,0.00,5601.80,0.00,5601.80,69921.85,5665.25,0,0,0,0.00,0,F1,25,,,,,
2026-06-01,2026-06-01,FO,NSE,IDO,64846,,NIFTYNXT50,,2026-07-28,2026-07-28,75900.00,PE,NIFTYNXT5026JUL75900PE,0.00,0.00,0.00,5880.05,0.00,5880.05,69921.85,5977.85,0,0,0,0.00,0,F1,25,,,,,
2026-06-01,2026-06-01,FO,NSE,IDO,64213,,NIFTYNXT50,,2026-08-25,2026-08-25,61000.00,PE,NIFTYNXT5026AUG61000PE,0.00,0.00,0.00,240.25,0.00,240.25,69921.85,275.40,0,0,0,0.00,0,F1,25,,,,,
2026-06-01,2026-06-01,FO,NSE,IDO,64250,,NIFTYNXT50,,2026-08-25,2026-08-25,61500.00,PE,NIFTYNXT5026AUG61500PE,0.00,0.00,0.00,282.80,0.00,282.80,69921.85,324.25,0,0,0,0.00,0,F1,25,,,,,
2026-06-01,2026-06-01,FO,NSE,IDO,64311,,NIFTYNXT50,,2026-08-25,2026-08-25,63300.00,PE,NIFTYNXT5026AUG63300PE,0.00,0.00,0.00,487.70,0.00,487.70,69921.85,558.80,0,0,0,0.00,0,F1,25,,,,,
2026-06-01,2026-06-01,FO,NSE,IDO,64315,,NIFTYNXT50,,2026-08-25,2026-08-25,63500.00,PE,NIFTYNXT5026AUG63500PE,0.00,0.00,0.00,516.10,0.00,516.10,69921.85,591.30,0,0,0,0.00,0,F1,25,,,,,
2026-06-01,2026-06-01,FO,NSE,IDO,64686,,NIFTYNXT50,,2026-08-25,2026-08-25,67900.00,PE,NIFTYNXT5026AUG67900PE,0.00,0.00,0.00,1510.40,0.00,1510.40,69921.85,1714.65,0,0,0,0.00,0,F1,25,,,,,
2026-06-01,2026-06-01,FO,NSE,IDO,64913,,NIFTYNXT50,,2026-08-25,2026-08-25,70300.00,PE,NIFTYNXT5026AUG70300PE,0.00,0.00,0.00,2409.60,0.00,2409.60,69921.85,2712.95,0,0,0,0.00,0,F1,25,,,,,
2026-06-01,2026-06-01,FO,NSE,IDO,64955,,NIFTYNXT50,,2026-08-25,2026-08-25,70800.00,PE,NIFTYNXT5026AUG70800PE,0.00,0.00,0.00,2631.80,0.00,2631.80,69921.85,2957.25,0,0,0,0.00,0,F1,25,,,,,
2026-06-01,2026-06-01,FO,NSE,IDO,65194,,NIFTYNXT50,,2026-08-25,2026-08-25,73900.00,PE,NIFTYNXT5026AUG73900PE,0.00,0.00,0.00,4276.85,0.00,4276.85,69921.85,4746.60,0,0,0,0.00,0,F1,25,,,,,
2026-06-01,2026-06-01,FO,NSE,IDO,65200,,NIFTYNXT50,,2026-08-25,2026-08-25,74000.00,PE,NIFTYNXT5026AUG74000PE,0.00,0.00,0.00,4337.40,0.00,4337.40,69921.85,4811.75,0,0,0,0.00,0,F1,25,,,,,
2026-06-01,2026-06-01,FO,NSE,IDO,65204,,NIFTYNXT50,,2026-08-25,2026-08-25,74100.00,PE,NIFTYNXT5026AUG74100PE,0.00,0.00,0.00,4398.35,0.00,4398.35,69921.85,4877.40,0,0,0,0.00,0,F1,25,,,,,
2026-06-01,2026-06-01,FO,NSE,IDO,65272,,NIFTYNXT50,,2026-08-25,2026-08-25,74800.00,PE,NIFTYNXT5026AUG74800PE,0.00,0.00,0.00,4837.50,0.00,4837.50,69921.85,5348.75,0,0,0,0.00,0,F1,25,,,,,
2026-06-01,2026-06-01,FO,NSE,IDO,80979,,NIFTYNXT50,,2026-06-30,2026-06-30,54600.00,CE,NIFTYNXT5026JUN54600CE,0.00,0.00,0.00,7191.05,0.00,7191.05,69921.85,15582.45,0,0,0,0.00,0,F1,25,,,,,
2026-06-01,2026-06-01,FO,NSE,IDO,80946,,NIFTYNXT50,,2026-06-30,2026-06-30,54000.00,CE,NIFTYNXT5026JUN54000CE,0.00,0.00,0.00,7695.05,0.00,7695.05,69921.85,16179.55,0,0,0,0.00,0,F1,25,,,,,
2026-06-01,2026-06-01,FO,NSE,IDO,80823,,NIFTYNXT50,,2026-06-30,2026-06-30,51500.00,CE,NIFTYNXT5026JUN51500CE,0.00,0.00,0.00,9917.30,0.00,9917.30,69921.85,18667.60,0,0,0,0.00,0,F1,25,,,,,
2026-06-01,2026-06-01,FO,NSE,IDO,64708,,NIFTYNXT50,,2026-07-28,2026-07-28,70900.00,PE,NIFTYNXT5026JUL70900PE,0.00,0.00,0.00,2895.60,0.00,2895.60,69921.85,2641.50,0,0,0,0.00,0,F1,25,,,,,
2026-06-01,2026-06-01,FO,NSE,IDO,64576,,NIFTYNXT50,,2026-07-28,2026-07-28,65600.00,PE,NIFTYNXT5026JUL65600PE,0.00,0.00,0.00,1006.10,0.00,1006.10,69921.85,704.10,0,0,0,0.00,0,F1,25,,,,,
2026-06-01,2026-06-01,FO,NSE,IDO,64596,,NIFTYNXT50,,2026-07-28,2026-07-28,66600.00,PE,NIFTYNXT5026JUL66600PE,0.00,0.00,0.00,1266.65,0.00,1266.65,69921.85,947.65,0,0,0,0.00,0,F1,25,,,,,
2026-06-01,2026-06-01,FO,NSE,IDO,64615,,NIFTYNXT50,,2026-07-28,2026-07-28,67400.00,PE,NIFTYNXT5026JUL67400PE,0.00,0.00,0.00,1501.85,0.00,1501.85,69921.85,1176.45,0,0,0,0.00,0,F1,25,,,,,
2026-06-01,2026-06-01,FO,NSE,IDO,64648,,NIFTYNXT50,,2026-07-28,2026-07-28,68900.00,PE,NIFTYNXT5026JUL68900PE,0.00,0.00,0.00,2027.70,0.00,2027.70,69921.85,1712.30,0,0,0,0.00,0,F1,25,,,,,
2026-06-01,2026-06-01,FO,NSE,IDO,64668,,NIFTYNXT50,,2026-07-28,2026-07-28,69600.00,PE,NIFTYNXT5026JUL69600PE,0.00,0.00,0.00,2309.55,0.00,2309.55,69921.85,2009.35,0,0,0,0.00,0,F1,25,,,,,
2026-06-01,2026-06-01,FO,NSE,IDO,64675,,NIFTYNXT50,,2026-07-28,2026-07-28,69800.00,PE,NIFTYNXT5026JUL69800PE,0.00,0.00,0.00,2394.40,0.00,2394.40,69921.85,2099.80,0,0,0,0.00,0,F1,25,,,,,
2026-06-01,2026-06-01,FO,NSE,IDO,64696,,NIFTYNXT50,,2026-07-28,2026-07-28,70300.00,PE,NIFTYNXT5026JUL70300PE,0.00,0.00,0.00,2615.00,0.00,2615.00,69921.85,2336.85,0,0,0,0.00,0,F1,25,,,,,
2026-06-01,2026-06-01,FO,NSE,IDO,64702,,NIFTYNXT50,,2026-07-28,2026-07-28,70600.00,PE,NIFTYNXT5026JUL70600PE,0.00,0.00,0.00,2753.10,0.00,2753.10,69921.85,2486.25,0,0,0,0.00,0,F1,25,,,,,
2026-06-01,2026-06-01,FO,NSE,IDO,64748,,NIFTYNXT50,,2026-07-28,2026-07-28,72300.00,PE,NIFTYNXT5026JUL72300PE,0.00,0.00,0.00,3617.10,0.00,3617.10,69921.85,3437.95,0,0,0,0.00,0,F1,25,,,,,
2026-06-01,2026-06-01,FO,NSE,IDO,64762,,NIFTYNXT50,,2026-07-28,2026-07-28,72800.00,PE,NIFTYNXT5026JUL72800PE,0.00,0.00,0.00,3897.25,0.00,3897.25,69921.85,3750.25,0,0,0,0.00,0,F1,25,,,,,
2026-06-01,2026-06-01,FO,NSE,IDO,64766,,NIFTYNXT50,,2026-07-28,2026-07-28,73000.00,PE,NIFTYNXT5026JUL73000PE,0.00,0.00,0.00,4012.55,0.00,4012.55,69921.85,3879.15,0,0,0,0.00,0,F1,25,,,,,
2026-06-01,2026-06-01,FO,NSE,IDO,64782,,NIFTYNXT50,,2026-07-28,2026-07-28,73600.00,PE,NIFTYNXT5026JUL73600PE,0.00,0.00,0.00,4369.30,0.00,4369.30,69921.85,4278.80,0,0,0,0.00,0,F1,25,,,,,
2026-06-01,2026-06-01,FO,NSE,IDO,64812,,NIFTYNXT50,,2026-07-28,2026-07-28,74400.00,PE,NIFTYNXT5026JUL74400PE,0.00,0.00,0.00,4869.65,0.00,4869.65,69921.85,4840.90,0,0,0,0.00,0,F1,25,,,,,
2026-06-01,2026-06-01,FO,NSE,IDO,64832,,NIFTYNXT50,,2026-07-28,2026-07-28,75300.00,PE,NIFTYNXT5026JUL75300PE,0.00,0.00,0.00,5465.00,0.00,5465.00,69921.85,5514.30,0,0,0,0.00,0,F1,25,,,,,
2026-06-01,2026-06-01,FO,NSE,IDO,64863,,NIFTYNXT50,,2026-07-28,2026-07-28,76500.00,PE,NIFTYNXT5026JUL76500PE,0.00,0.00,0.00,6308.95,0.00,6308.95,69921.85,6458.75,0,0,0,0.00,0,F1,25,,,,,
2026-06-01,2026-06-01,FO,NSE,IDO,64875,,NIFTYNXT50,,2026-07-28,2026-07-28,77100.00,PE,NIFTYNXT5026JUL77100PE,0.00,0.00,0.00,6754.50,0.00,6754.50,69921.85,6953.00,0,0,0,0.00,0,F1,25,,,,,
2026-06-01,2026-06-01,FO,NSE,IDO,64933,,NIFTYNXT50,,2026-07-28,2026-07-28,79000.00,PE,NIFTYNXT5026JUL79000PE,0.00,0.00,0.00,8231.35,0.00,8231.35,69921.85,8593.55,0,0,0,0.00,0,F1,25,,,,,
2026-06-01,2026-06-01,FO,NSE,IDO,64282,,NIFTYNXT50,,2026-08-25,2026-08-25,62500.00,PE,NIFTYNXT5026AUG62500PE,0.00,0.00,0.00,385.85,0.00,385.85,69921.85,442.35,0,0,0,0.00,0,F1,25,,,,,
2026-06-01,2026-06-01,FO,NSE,IDO,64331,,NIFTYNXT50,,2026-08-25,2026-08-25,64100.00,PE,NIFTYNXT5026AUG64100PE,0.00,0.00,0.00,609.05,0.00,609.05,69921.85,697.25,0,0,0,0.00,0,F1,25,,,,,
2026-06-01,2026-06-01,FO,NSE,IDO,64343,,NIFTYNXT50,,2026-08-25,2026-08-25,64500.00,PE,NIFTYNXT5026AUG64500PE,0.00,0.00,0.00,677.70,0.00,677.70,69921.85,775.35,0,0,0,0.00,0,F1,25,,,,,
2026-06-01,2026-06-01,FO,NSE,IDO,64796,,NIFTYNXT50,,2026-08-25,2026-08-25,69000.00,PE,NIFTYNXT5026AUG69000PE,0.00,0.00,0.00,1888.55,0.00,1888.55,69921.85,2136.20,0,0,0,0.00,0,F1,25,,,,,
2026-06-01,2026-06-01,FO,NSE,IDO,64802,,NIFTYNXT50,,2026-08-25,2026-08-25,69300.00,PE,NIFTYNXT5026AUG69300PE,0.00,0.00,0.00,2001.55,0.00,2001.55,69921.85,2261.70,0,0,0,0.00,0,F1,25,,,,,
2026-06-01,2026-06-01,FO,NSE,IDO,64889,,NIFTYNXT50,,2026-08-25,2026-08-25,69900.00,PE,NIFTYNXT5026AUG69900PE,0.00,0.00,0.00,2240.60,0.00,2240.60,69921.85,2526.35,0,0,0,0.00,0,F1,25,,,,,
2026-06-01,2026-06-01,FO,NSE,IDO,64911,,NIFTYNXT50,,2026-08-25,2026-08-25,70200.00,PE,NIFTYNXT5026AUG70200PE,0.00,0.00,0.00,2366.65,0.00,2366.65,69921.85,2665.55,0,0,0,0.00,0,F1,25,,,,,
2026-06-01,2026-06-01,FO,NSE,IDO,65003,,NIFTYNXT50,,2026-08-25,2026-08-25,71600.00,PE,NIFTYNXT5026AUG71600PE,0.00,0.00,0.00,3012.30,0.00,3012.30,69921.85,3374.55,0,0,0,0.00,0,F1,25,,,,,
2026-06-01,2026-06-01,FO,NSE,IDO,65015,,NIFTYNXT50,,2026-08-25,2026-08-25,71900.00,PE,NIFTYNXT5026AUG71900PE,0.00,0.00,0.00,3163.05,0.00,3163.05,69921.85,3539.25,0,0,0,0.00,0,F1,25,,,,,
2026-06-01,2026-06-01,FO,NSE,IDO,65027,,NIFTYNXT50,,2026-08-25,2026-08-25,72100.00,PE,NIFTYNXT5026AUG72100PE,0.00,0.00,0.00,3265.95,0.00,3265.95,69921.85,3651.45,0,0,0,0.00,0,F1,25,,,,,
2026-06-01,2026-06-01,FO,NSE,IDO,65086,,NIFTYNXT50,,2026-08-25,2026-08-25,72900.00,PE,NIFTYNXT5026AUG72900PE,0.00,0.00,0.00,3696.60,0.00,3696.60,69921.85,4119.55,0,0,0,0.00,0,F1,25,,,,,
2026-06-01,2026-06-01,FO,NSE,IDO,65347,,NIFTYNXT50,,2026-08-25,2026-08-25,75400.00,PE,NIFTYNXT5026AUG75400PE,0.00,0.00,0.00,5230.60,0.00,5230.60,69921.85,5769.00,0,0,0,0.00,0,F1,25,,,,,
2026-06-01,2026-06-01,FO,NSE,IDO,65364,,NIFTYNXT50,,2026-08-25,2026-08-25,75900.00,PE,NIFTYNXT5026AUG75900PE,0.00,0.00,0.00,5569.55,0.00,5569.55,69921.85,6130.10,0,0,0,0.00,0,F1,25,,,,,
2026-06-01,2026-06-01,FO,NSE,IDO,64801,,NIFTYNXT50,,2026-08-25,2026-08-25,69300.00,CE,NIFTYNXT5026AUG69300CE,0.00,0.00,0.00,4670.50,0.00,4670.50,69921.85,3975.50,0,0,0,0.00,0,F1,25,,,,,
2026-06-01,2026-06-01,FO,NSE,IDO,64777,,NIFTYNXT50,,2026-08-25,2026-08-25,68900.00,CE,NIFTYNXT5026AUG68900CE,0.00,0.00,0.00,4914.80,0.00,4914.80,69921.85,4202.85,0,0,0,0.00,0,F1,25,,,,,
2026-06-01,2026-06-01,FO,NSE,IDO,64751,,NIFTYNXT50,,2026-08-25,2026-08-25,68700.00,CE,NIFTYNXT5026AUG68700CE,0.00,0.00,0.00,5039.85,0.00,5039.85,69921.85,4319.55,0,0,0,0.00,0,F1,25,,,,,
2026-06-01,2026-06-01,FO,NSE,IDO,64743,,NIFTYNXT50,,2026-08-25,2026-08-25,68400.00,CE,NIFTYNXT5026AUG68400CE,0.00,0.00,0.00,5230.90,0.00,5230.90,69921.85,4498.40,0,0,0,0.00,0,F1,25,,,,,
2026-06-01,2026-06-01,FO,NSE,IDO,64259,,NIFTYNXT50,,2026-08-25,2026-08-25,62000.00,CE,NIFTYNXT5026AUG62000CE,0.00,0.00,0.00,10192.25,0.00,10192.25,69921.85,9278.50,0,0,0,0.00,0,F1,25,,,,,
2026-06-01,2026-06-01,FO,NSE,IDO,65021,,NIFTYNXT50,,2026-07-28,2026-07-28,81500.00,CE,NIFTYNXT5026JUL81500CE,0.00,0.00,0.00,568.45,0.00,568.45,69921.85,167.55,0,0,0,0.00,0,F1,25,,,,,
2026-06-01,2026-06-01,FO,NSE,IDO,64934,,NIFTYNXT50,,2026-07-28,2026-07-28,79100.00,CE,NIFTYNXT5026JUL79100CE,0.00,0.00,0.00,916.00,0.00,916.00,69921.85,342.45,0,0,0,0.00,0,F1,25,,,,,
2026-06-01,2026-06-01,FO,NSE,IDO,64926,,NIFTYNXT50,,2026-07-28,2026-07-28,78900.00,CE,NIFTYNXT5026JUL78900CE,0.00,0.00,0.00,951.65,0.00,951.65,69921.85,362.40,0,0,0,0.00,0,F1,25,,,,,
2026-06-01,2026-06-01,FO,NSE,IDO,64886,,NIFTYNXT50,,2026-07-28,2026-07-28,77500.00,CE,NIFTYNXT5026JUL77500CE,0.00,0.00,0.00,1237.45,0.00,1237.45,69921.85,532.30,0,0,0,0.00,0,F1,25,,,,,
2026-06-01,2026-06-01,FO,NSE,IDO,64878,,NIFTYNXT50,,2026-07-28,2026-07-28,77300.00,CE,NIFTYNXT5026JUL77300CE,0.00,0.00,0.00,1282.85,0.00,1282.85,69921.85,561.30,0,0,0,0.00,0,F1,25,,,,,
2026-06-01,2026-06-01,FO,NSE,IDO,64862,,NIFTYNXT50,,2026-07-28,2026-07-28,76500.00,CE,NIFTYNXT5026JUL76500CE,0.00,0.00,0.00,1475.40,0.00,1475.40,69921.85,691.00,0,0,0,0.00,0,F1,25,,,,,
2026-06-01,2026-06-01,FO,NSE,IDO,64859,,NIFTYNXT50,,2026-07-28,2026-07-28,76400.00,CE,NIFTYNXT5026JUL76400CE,0.00,0.00,0.00,1501.55,0.00,1501.55,69921.85,708.85,0,0,0,0.00,0,F1,25,,,,,
2026-06-01,2026-06-01,FO,NSE,IDO,64817,,NIFTYNXT50,,2026-07-28,2026-07-28,74700.00,CE,NIFTYNXT5026JUL74700CE,0.00,0.00,0.00,2005.00,0.00,2005.00,69921.85,1073.10,0,0,0,0.00,0,F1,25,,,,,
2026-06-01,2026-06-01,FO,NSE,IDO,64787,,NIFTYNXT50,,2026-07-28,2026-07-28,73900.00,CE,NIFTYNXT5026JUL73900CE,0.00,0.00,0.00,2282.80,0.00,2282.80,69921.85,1290.55,0,0,0,0.00,0,F1,25,,,,,
2026-06-01,2026-06-01,FO,NSE,IDO,64767,,NIFTYNXT50,,2026-07-28,2026-07-28,73100.00,CE,NIFTYNXT5026JUL73100CE,0.00,0.00,0.00,2588.50,0.00,2588.50,69921.85,1540.65,0,0,0,0.00,0,F1,25,,,,,
2026-06-01,2026-06-01,FO,NSE,IDO,64728,,NIFTYNXT50,,2026-07-28,2026-07-28,71700.00,CE,NIFTYNXT5026JUL71700CE,0.00,0.00,0.00,3193.90,0.00,3193.90,69921.85,2063.70,0,0,0,0.00,0,F1,25,,,,,
2026-06-01,2026-06-01,FO,NSE,IDO,64713,,NIFTYNXT50,,2026-07-28,2026-07-28,71200.00,CE,NIFTYNXT5026JUL71200CE,0.00,0.00,0.00,3432.50,0.00,3432.50,69921.85,2278.35,0,0,0,0.00,0,F1,25,,,,,
2026-06-01,2026-06-01,FO,NSE,IDO,64669,,NIFTYNXT50,,2026-07-28,2026-07-28,69700.00,CE,NIFTYNXT5026JUL69700CE,0.00,0.00,0.00,4220.55,0.00,4220.55,69921.85,3014.50,0,0,0,0.00,0,F1,25,,,,,
2026-06-01,2026-06-01,FO,NSE,IDO,64631,,NIFTYNXT50,,2026-07-28,2026-07-28,68100.00,CE,NIFTYNXT5026JUL68100CE,0.00,0.00,0.00,5180.05,0.00,5180.05,69921.85,3953.00,0,0,0,0.00,0,F1,25,,,,,
2026-06-01,2026-06-01,FO,NSE,IDO,49307,,NIFTYNXT50,,2026-06-30,2026-06-30,78900.00,CE,NIFTYNXT5026JUN78900CE,0.00,0.00,0.00,356.30,0.00,356.30,69921.85,68.90,0,0,0,0.00,0,F1,25,,,,,
2026-06-01,2026-06-01,FO,NSE,IDO,82089,,NIFTYNXT50,,2026-06-30,2026-06-30,77000.00,CE,NIFTYNXT5026JUN77000CE,0.00,0.00,0.00,58.05,0.00,58.05,69921.85,166.20,0,0,0,0.00,0,F1,25,,,,,
2026-06-01,2026-06-01,FO,NSE,IDO,82046,,NIFTYNXT50,,2026-06-30,2026-06-30,75500.00,CE,NIFTYNXT5026JUN75500CE,0.00,0.00,0.00,91.80,0.00,91.80,69921.85,312.05,0,0,0,0.00,0,F1,25,,,,,
2026-06-01,2026-06-01,FO,NSE,IDO,35282,,NIFTYNXT50,,2026-06-30,2026-06-30,73100.00,CE,NIFTYNXT5026JUN73100CE,0.00,0.00,0.00,316.25,0.00,316.25,69921.85,757.50,0,0,0,0.00,0,F1,25,,,,,
2026-06-01,2026-06-01,FO,NSE,IDO,81910,,NIFTYNXT50,,2026-06-30,2026-06-30,70000.00,CE,NIFTYNXT5026JUN70000CE,0.00,0.00,0.00,422.25,0.00,422.25,69921.85,1927.30,0,0,0,0.00,0,F1,25,,,,,
2026-06-01,2026-06-01,FO,NSE,IDO,81898,,NIFTYNXT50,,2026-06-30,2026-06-30,69700.00,CE,NIFTYNXT5026JUN69700CE,0.00,0.00,0.00,455.60,0.00,455.60,69921.85,2083.45,0,0,0,0.00,0,F1,25,,,,,
2026-06-01,2026-06-01,FO,NSE,IDO,81798,,NIFTYNXT50,,2026-06-30,2026-06-30,68500.00,CE,NIFTYNXT5026JUN68500CE,0.00,0.00,0.00,612.35,0.00,612.35,69921.85,2786.70,0,0,0,0.00,0,F1,25,,,,,
2026-06-01,2026-06-01,FO,NSE,IDO,81668,,NIFTYNXT50,,2026-06-30,2026-06-30,65500.00,CE,NIFTYNXT5026JUN65500CE,0.00,0.00,0.00,1210.50,0.00,1210.50,69921.85,5042.20,0,0,0,0.00,0,F1,25,,,,,
2026-06-01,2026-06-01,FO,NSE,IDO,81662,,NIFTYNXT50,,2026-06-30,2026-06-30,65200.00,CE,NIFTYNXT5026JUN65200CE,0.00,0.00,0.00,1290.25,0.00,1290.25,69921.85,5299.55,0,0,0,0.00,0,F1,25,,,,,
2026-06-01,2026-06-01,FO,NSE,IDO,81509,,NIFTYNXT50,,2026-06-30,2026-06-30,62700.00,CE,NIFTYNXT5026JUN62700CE,0.00,0.00,0.00,2125.10,0.00,2125.10,69921.85,7588.00,0,0,0,0.00,0,F1,25,,,,,
2026-06-01,2026-06-01,FO,NSE,IDO,81507,,NIFTYNXT50,,2026-06-30,2026-06-30,62600.00,CE,NIFTYNXT5026JUN62600CE,0.00,0.00,0.00,2165.25,0.00,2165.25,69921.85,7683.45,0,0,0,0.00,0,F1,25,,,,,
2026-06-01,2026-06-01,FO,NSE,IDO,81505,,NIFTYNXT50,,2026-06-30,2026-06-30,62500.00,CE,NIFTYNXT5026JUN62500CE,0.00,0.00,0.00,2206.00,0.00,2206.00,69921.85,7779.15,0,0,0,0.00,0,F1,25,,,,,
2026-06-01,2026-06-01,FO,NSE,IDO,81501,,NIFTYNXT50,,2026-06-30,2026-06-30,62300.00,CE,NIFTYNXT5026JUN62300CE,0.00,0.00,0.00,2289.10,0.00,2289.10,69921.85,7971.10,0,0,0,0.00,0,F1,25,,,,,
2026-06-01,2026-06-01,FO,NSE,IDO,81427,,NIFTYNXT50,,2026-06-30,2026-06-30,62000.00,CE,NIFTYNXT5026JUN62000CE,0.00,0.00,0.00,2418.00,0.00,2418.00,69921.85,8260.40,0,0,0,0.00,0,F1,25,,,,,
2026-06-01,2026-06-01,FO,NSE,IDO,81377,,NIFTYNXT50,,2026-06-30,2026-06-30,61200.00,CE,NIFTYNXT5026JUN61200CE,0.00,0.00,0.00,2786.65,0.00,2786.65,69921.85,9038.45,0,0,0,0.00,0,F1,25,,,,,
2026-06-01,2026-06-01,FO,NSE,IDO,81306,,NIFTYNXT50,,2026-06-30,2026-06-30,58800.00,CE,NIFTYNXT5026JUN58800CE,0.00,0.00,0.00,4115.05,0.00,4115.05,69921.85,11406.05,0,0,0,0.00,0,F1,25,,,,,
2026-06-01,2026-06-01,FO,NSE,IDO,81255,,NIFTYNXT50,,2026-06-30,2026-06-30,57900.00,CE,NIFTYNXT5026JUN57900CE,0.00,0.00,0.00,4698.05,0.00,4698.05,69921.85,12299.75,0,0,0,0.00,0,F1,25,,,,,
2026-06-01,2026-06-01,FO,NSE,IDO,81224,,NIFTYNXT50,,2026-06-30,2026-06-30,57000.00,CE,NIFTYNXT5026JUN57000CE,0.00,0.00,0.00,5328.15,0.00,5328.15,69921.85,13194.50,0,0,0,0.00,0,F1,25,,,,,
2026-06-01,2026-06-01,FO,NSE,IDO,81220,,NIFTYNXT50,,2026-06-30,2026-06-30,56800.00,CE,NIFTYNXT5026JUN56800CE,0.00,0.00,0.00,5473.50,0.00,5473.50,69921.85,13393.40,0,0,0,0.00,0,F1,25,,,,,
2026-06-01,2026-06-01,FO,NSE,IDO,81218,,NIFTYNXT50,,2026-06-30,2026-06-30,56700.00,CE,NIFTYNXT5026JUN56700CE,0.00,0.00,0.00,5544.60,0.00,5544.60,69921.85,13492.90,0,0,0,0.00,0,F1,25,,,,,
2026-06-01,2026-06-01,FO,NSE,IDO,81026,,NIFTYNXT50,,2026-06-30,2026-06-30,56000.00,CE,NIFTYNXT5026JUN56000CE,0.00,0.00,0.00,6071.30,0.00,6071.30,69921.85,14189.30,0,0,0,0.00,0,F1,25,,,,,
2026-06-01,2026-06-01,FO,NSE,IDO,81020,,NIFTYNXT50,,2026-06-30,2026-06-30,55700.00,CE,NIFTYNXT5026JUN55700CE,0.00,0.00,0.00,6304.10,0.00,6304.10,69921.85,14487.80,0,0,0,0.00,0,F1,25,,,,,
2026-06-01,2026-06-01,FO,NSE,IDO,81005,,NIFTYNXT50,,2026-06-30,2026-06-30,55100.00,CE,NIFTYNXT5026JUN55100CE,0.00,0.00,0.00,6781.65,0.00,6781.65,69921.85,15084.85,0,0,0,0.00,0,F1,25,,,,,
2026-06-01,2026-06-01,FO,NSE,IDO,80983,,NIFTYNXT50,,2026-06-30,2026-06-30,54800.00,CE,NIFTYNXT5026JUN54800CE,0.00,0.00,0.00,7026.05,0.00,7026.05,69921.85,15383.40,0,0,0,0.00,0,F1,25,,,,,
2026-06-01,2026-06-01,FO,NSE,IDO,80940,,NIFTYNXT50,,2026-06-30,2026-06-30,53900.00,CE,NIFTYNXT5026JUN53900CE,0.00,0.00,0.00,7780.30,0.00,7780.30,69921.85,16279.10,0,0,0,0.00,0,F1,25,,,,,
2026-06-01,2026-06-01,FO,NSE,IDO,80880,,NIFTYNXT50,,2026-06-30,2026-06-30,53000.00,CE,NIFTYNXT5026JUN53000CE,0.00,0.00,0.00,8562.60,0.00,8562.60,69921.85,17174.75,0,0,0,0.00,0,F1,25,,,,,
2026-06-01,2026-06-01,FO,NSE,IDO,64727,,NIFTYNXT50,,2026-08-25,2026-08-25,68300.00,CE,NIFTYNXT5026AUG68300CE,0.00,0.00,0.00,5295.50,0.00,5295.50,69921.85,4559.00,0,0,0,0.00,0,F1,25,,,,,
2026-06-01,2026-06-01,FO,NSE,IDO,64912,,NIFTYNXT50,,2026-08-25,2026-08-25,70300.00,CE,NIFTYNXT5026AUG70300CE,0.00,0.00,0.00,4093.30,0.00,4093.30,69921.85,3442.50,0,0,0,0.00,0,F1,25,,,,,
2026-06-01,2026-06-01,FO,NSE,IDO,64956,,NIFTYNXT50,,2026-08-25,2026-08-25,70900.00,CE,NIFTYNXT5026AUG70900CE,0.00,0.00,0.00,3770.30,0.00,3770.30,69921.85,3146.65,0,0,0,0.00,0,F1,25,,,,,
2026-06-01,2026-06-01,FO,NSE,IDO,64980,,NIFTYNXT50,,2026-08-25,2026-08-25,71400.00,CE,NIFTYNXT5026AUG71400CE,0.00,0.00,0.00,3514.45,0.00,3514.45,69921.85,2914.15,0,0,0,0.00,0,F1,25,,,,,
2026-06-01,2026-06-01,FO,NSE,IDO,65083,,NIFTYNXT50,,2026-08-25,2026-08-25,72800.00,CE,NIFTYNXT5026AUG72800CE,0.00,0.00,0.00,2861.75,0.00,2861.75,69921.85,2328.30,0,0,0,0.00,0,F1,25,,,,,
2026-06-01,2026-06-01,FO,NSE,IDO,65190,,NIFTYNXT50,,2026-08-25,2026-08-25,73900.00,CE,NIFTYNXT5026AUG73900CE,0.00,0.00,0.00,2413.75,0.00,2413.75,69921.85,1932.85,0,0,0,0.00,0,F1,25,,,,,
2026-06-01,2026-06-01,FO,NSE,IDO,65201,,NIFTYNXT50,,2026-08-25,2026-08-25,74100.00,CE,NIFTYNXT5026AUG74100CE,0.00,0.00,0.00,2338.20,0.00,2338.20,69921.85,1866.80,0,0,0,0.00,0,F1,25,,,,,
2026-06-01,2026-06-01,FO,NSE,IDO,65209,,NIFTYNXT50,,2026-08-25,2026-08-25,74300.00,CE,NIFTYNXT5026AUG74300CE,0.00,0.00,0.00,2264.45,0.00,2264.45,69921.85,1802.50,0,0,0,0.00,0,F1,25,,,,,
2026-06-01,2026-06-01,FO,NSE,IDO,65281,,NIFTYNXT50,,2026-08-25,2026-08-25,75000.00,CE,NIFTYNXT5026AUG75000CE,0.00,0.00,0.00,2020.00,0.00,2020.00,69921.85,1590.80,0,0,0,0.00,0,F1,25,,,,,
2026-06-01,2026-06-01,FO,NSE,IDO,65348,,NIFTYNXT50,,2026-08-25,2026-08-25,75500.00,CE,NIFTYNXT5026AUG75500CE,0.00,0.00,0.00,1858.10,0.00,1858.10,69921.85,1451.90,0,0,0,0.00,0,F1,25,,,,,
2026-06-01,2026-06-01,FO,NSE,IDO,65392,,NIFTYNXT50,,2026-08-25,2026-08-25,76500.00,CE,NIFTYNXT5026AUG76500CE,0.00,0.00,0.00,1564.65,0.00,1564.65,69921.85,1206.85,0,0,0,0.00,0,F1,25,,,,,
2026-06-01,2026-06-01,FO,NSE,IDO,65400,,NIFTYNXT50,,2026-08-25,2026-08-25,76900.00,CE,NIFTYNXT5026AUG76900CE,0.00,0.00,0.00,1458.10,0.00,1458.10,69921.85,1118.10,0,0,0,0.00,0,F1,25,,,,,
2026-06-01,2026-06-01,FO,NSE,IDO,65607,,NIFTYNXT50,,2026-08-25,2026-08-25,78600.00,CE,NIFTYNXT5026AUG78600CE,0.00,0.00,0.00,1069.85,0.00,1069.85,69921.85,794.20,0,0,0,0.00,0,F1,25,,,,,
2026-06-01,2026-06-01,FO,NSE,IDO,65613,,NIFTYNXT50,,2026-08-25,2026-08-25,78900.00,CE,NIFTYNXT5026AUG78900CE,0.00,0.00,0.00,1010.95,0.00,1010.95,69921.85,746.45,0,0,0,0.00,0,F1,25,,,,,
2026-06-01,2026-06-01,FO,NSE,IDO,65659,,NIFTYNXT50,,2026-08-25,2026-08-25,80000.00,CE,NIFTYNXT5026AUG80000CE,0.00,0.00,0.00,817.40,0.00,817.40,69921.85,591.65,0,0,0,0.00,0,F1,25,,,,,
2026-06-01,2026-06-01,FO,NSE,IDO,80902,,NIFTYNXT50,,2026-06-30,2026-06-30,53500.00,PE,NIFTYNXT5026JUN53500PE,0.00,0.00,0.00,316.65,0.00,316.65,69921.85,0.05,0,0,0,0.00,0,F1,25,,,,,
2026-06-01,2026-06-01,FO,NSE,IDO,80944,,NIFTYNXT50,,2026-06-30,2026-06-30,53900.00,PE,NIFTYNXT5026JUN53900PE,0.00,0.00,0.00,365.00,0.00,365.00,69921.85,0.05,0,0,0,0.00,0,F1,25,,,,,
2026-06-01,2026-06-01,FO,NSE,IDO,81021,,NIFTYNXT50,,2026-06-30,2026-06-30,55700.00,PE,NIFTYNXT5026JUN55700PE,0.00,0.00,0.00,656.55,0.00,656.55,69921.85,0.20,0,0,0,0.00,0,F1,25,,,,,
2026-06-01,2026-06-01,FO,NSE,IDO,81223,,NIFTYNXT50,,2026-06-30,2026-06-30,56900.00,PE,NIFTYNXT5026JUN56900PE,0.00,0.00,0.00,931.50,0.00,931.50,69921.85,0.60,0,0,0,0.00,0,F1,25,,,,,
2026-06-01,2026-06-01,FO,NSE,IDO,81299,,NIFTYNXT50,,2026-06-30,2026-06-30,58700.00,PE,NIFTYNXT5026JUN58700PE,0.00,0.00,0.00,1476.30,0.00,1476.30,69921.85,3.35,0,0,0,0.00,0,F1,25,,,,,
2026-06-01,2026-06-01,FO,NSE,IDO,81315,,NIFTYNXT50,,2026-06-30,2026-06-30,58900.00,PE,NIFTYNXT5026JUN58900PE,0.00,0.00,0.00,1548.20,0.00,1548.20,69921.85,3.95,0,0,0,0.00,0,F1,25,,,,,
2026-06-01,2026-06-01,FO,NSE,IDO,81358,,NIFTYNXT50,,2026-06-30,2026-06-30,60200.00,PE,NIFTYNXT5026JUN60200PE,0.00,0.00,0.00,2071.50,0.00,2071.50,69921.85,11.65,0,0,0,0.00,0,F1,25,,,,,
2026-06-01,2026-06-01,FO,NSE,IDO,81568,,NIFTYNXT50,,2026-06-30,2026-06-30,63600.00,PE,NIFTYNXT5026JUN63600PE,0.00,0.00,0.00,3898.75,0.00,3898.75,69921.85,114.55,0,0,0,0.00,0,F1,25,,,,,
2026-06-01,2026-06-01,FO,NSE,IDO,81619,,NIFTYNXT50,,2026-06-30,2026-06-30,64100.00,PE,NIFTYNXT5026JUN64100PE,0.00,0.00,0.00,4220.75,0.00,4220.75,69921.85,151.35,0,0,0,0.00,0,F1,25,,,,,
2026-06-01,2026-06-01,FO,NSE,IDO,81366,,NIFTYNXT50,,2026-06-30,2026-06-30,60600.00,PE,NIFTYNXT5026JUN60600PE,0.00,0.00,0.00,2252.25,0.00,2252.25,69921.85,15.80,0,0,0,0.00,0,F1,25,,,,,
2026-06-01,2026-06-01,FO,NSE,IDO,81362,,NIFTYNXT50,,2026-06-30,2026-06-30,60400.00,PE,NIFTYNXT5026JUN60400PE,0.00,0.00,0.00,2160.70,0.00,2160.70,69921.85,13.60,0,0,0,0.00,0,F1,25,,,,,
